0 0.387500 0.492188 0.009375 0.006250
0 0.032813 0.507812 0.012500 0.007812
0 0.495312 0.559375 0.012500 0.009375
0 0.778125 0.787500 0.018750 0.010937
0 0.309375 0.478125 0.014063 0.006250
0 0.784375 0.229687 0.015625 0.006250
0 0.189062 0.806250 0.009375 0.010937
0 0.034375 0.350000 0.017188 0.012500
0 0.920312 0.701562 0.018750 0.010937
0 0.831250 0.746875 0.018750 0.010937
0 0.567187 0.917188 0.017188 0.012500
0 0.042188 0.920312 0.018750 0.009375
0 0.723437 0.868750 0.015625 0.012500
0 0.764062 0.543750 0.015625 0.007812
0 0.360938 0.670312 0.015625 0.007812
0 0.076563 0.201563 0.018750 0.012500
