0 0.528125 0.781250 0.009375 0.009375
0 0.801562 0.556250 0.012500 0.006250
0 0.601562 0.675000 0.015625 0.007812
0 0.493750 0.226562 0.014063 0.012500
0 0.800000 0.848437 0.017188 0.007812
0 0.965625 0.453125 0.018750 0.009375
0 0.706250 0.520312 0.015625 0.012500
0 0.945312 0.695312 0.014063 0.009375
0 0.265625 0.809375 0.015625 0.007812
0 0.615625 0.725000 0.010937 0.009375
0 0.396875 0.315625 0.012500 0.006250
0 0.673438 0.334375 0.014063 0.006250
0 0.370312 0.209375 0.017188 0.006250
0 0.623437 0.565625 0.012500 0.007812
0 0.210938 0.801562 0.014063 0.007812
0 0.114062 0.396875 0.018750 0.006250
0 0.375000 0.137500 0.015625 0.010937
0 0.628125 0.595313 0.014063 0.009375
0 0.339062 0.603125 0.012500 0.007812
0 0.360938 0.732812 0.010937 0.012500
0 0.259375 0.603125 0.010937 0.010937
0 0.693750 0.906250 0.009375 0.009375
0 0.139063 0.285938 0.014063 0.010937
0 0.217188 0.671875 0.015625 0.009375
0 0.065625 0.443750 0.010937 0.010937
0 0.589063 0.359375 0.012500 0.007812
0 0.301563 0.876563 0.014063 0.007812
0 0.167187 0.354687 0.014063 0.007812
0 0.062500 0.715625 0.017188 0.010937
0 0.178125 0.953125 0.010937 0.009375
0 0.798438 0.845313 0.018750 0.009375
0 0.868750 0.115625 0.009375 0.007812
0 0.314063 0.296875 0.014063 0.009375
0 0.531250 0.684375 0.012500 0.010937
0 0.112500 0.473438 0.010937 0.009375
0 0.646875 0.092188 0.015625 0.010937
0 0.260937 0.792188 0.014063 0.007812
0 0.779687 0.831250 0.012500 0.007812
0 0.167187 0.159375 0.010937 0.010937
