0 0.890625 0.918750 0.018750 0.012500
0 0.437500 0.584375 0.012500 0.007812
0 0.910937 0.585938 0.015625 0.010937
0 0.731250 0.171875 0.017188 0.012500
0 0.350000 0.700000 0.015625 0.009375
0 0.295312 0.575000 0.009375 0.010937
0 0.593750 0.442188 0.010937 0.010937
0 0.481250 0.275000 0.017188 0.006250
0 0.667188 0.312500 0.015625 0.010937
0 0.501563 0.287500 0.017188 0.010937
0 0.657813 0.754687 0.012500 0.009375
0 0.939063 0.815625 0.012500 0.010937
0 0.707812 0.117188 0.015625 0.007812
0 0.337500 0.085938 0.017188 0.007812
0 0.318750 0.925000 0.017188 0.006250
0 0.042188 0.267188 0.012500 0.012500
0 0.431250 0.139063 0.015625 0.007812
0 0.117188 0.417187 0.017188 0.009375
0 0.815625 0.829688 0.015625 0.010937
0 0.653125 0.679688 0.014063 0.006250
0 0.459375 0.073438 0.018750 0.006250
0 0.823438 0.607812 0.015625 0.009375
0 0.806250 0.737500 0.012500 0.006250
0 0.751563 0.532813 0.015625 0.010937
0 0.498437 0.485938 0.018750 0.012500
0 0.679688 0.512500 0.009375 0.010937
0 0.362500 0.117188 0.010937 0.007812
0 0.501563 0.664062 0.017188 0.012500
0 0.076563 0.131250 0.015625 0.007812
0 0.734375 0.732812 0.012500 0.009375
0 0.100000 0.862500 0.009375 0.007812
0 0.293750 0.315625 0.017188 0.010937
0 0.856250 0.160938 0.010937 0.007812
0 0.503125 0.650000 0.017188 0.009375
0 0.089063 0.645312 0.010937 0.012500
0 0.126562 0.134375 0.017188 0.009375
0 0.628125 0.765625 0.014063 0.006250
