0 0.331250 0.570312 0.017188 0.010937
0 0.060937 0.820312 0.018750 0.009375
0 0.900000 0.907813 0.009375 0.012500
0 0.576562 0.829688 0.014063 0.006250
0 0.240625 0.646875 0.009375 0.010937
0 0.920312 0.328125 0.014063 0.007812
0 0.639062 0.571875 0.012500 0.010937
0 0.317188 0.462500 0.018750 0.009375
0 0.896875 0.662500 0.015625 0.006250
0 0.604688 0.384375 0.009375 0.007812
0 0.053125 0.775000 0.009375 0.010937
0 0.106250 0.760938 0.012500 0.009375
0 0.804688 0.248438 0.015625 0.006250
0 0.700000 0.500000 0.018750 0.007812
0 0.459375 0.056250 0.018750 0.007812
0 0.548438 0.487500 0.018750 0.012500
0 0.798438 0.759375 0.009375 0.010937
0 0.306250 0.179688 0.015625 0.007812
0 0.143750 0.757812 0.009375 0.010937
0 0.054688 0.235937 0.009375 0.012500
0 0.268750 0.393750 0.018750 0.007812
0 0.404687 0.746875 0.009375 0.010937
0 0.048438 0.834375 0.015625 0.007812
0 0.912500 0.571875 0.012500 0.007812
0 0.045312 0.557813 0.015625 0.009375
0 0.843750 0.621875 0.018750 0.006250
0 0.123438 0.256250 0.018750 0.009375
0 0.537500 0.901563 0.010937 0.010937
0 0.767188 0.778125 0.012500 0.007812
0 0.106250 0.332813 0.015625 0.007812
0 0.825000 0.575000 0.015625 0.012500
0 0.037500 0.231250 0.018750 0.006250
0 0.050000 0.317188 0.012500 0.012500
0 0.110937 0.345313 0.018750 0.010937
0 0.190625 0.426563 0.017188 0.007812
0 0.414062 0.873437 0.017188 0.012500
0 0.643750 0.643750 0.014063 0.010937
0 0.481250 0.585938 0.012500 0.006250
0 0.137500 0.948438 0.015625 0.012500
0 0.526563 0.054688 0.015625 0.007812
0 0.948438 0.890625 0.010937 0.009375
0 0.509375 0.434375 0.012500 0.010937
0 0.714063 0.128125 0.014063 0.010937
0 0.270313 0.350000 0.010937 0.012500
0 0.340625 0.690625 0.017188 0.012500
0 0.203125 0.798438 0.010937 0.007812
0 0.356250 0.371875 0.014063 0.010937
0 0.562500 0.676562 0.012500 0.009375
0 0.612500 0.651563 0.014063 0.012500
0 0.046875 0.787500 0.015625 0.007812
0 0.798438 0.821875 0.009375 0.006250
0 0.093750 0.770312 0.017188 0.009375
0 0.935937 0.450000 0.010937 0.007812
0 0.317188 0.504687 0.015625 0.007812
0 0.540625 0.453125 0.015625 0.007812
0 0.815625 0.950000 0.015625 0.009375
0 0.210938 0.115625 0.009375 0.009375
0 0.134375 0.903125 0.018750 0.012500
0 0.571875 0.426563 0.017188 0.006250
0 0.743750 0.507812 0.014063 0.006250
0 0.562500 0.921875 0.015625 0.012500
0 0.653125 0.207813 0.015625 0.007812
0 0.043750 0.284375 0.010937 0.007812
0 0.065625 0.670312 0.010937 0.010937
0 0.604688 0.751563 0.009375 0.012500
0 0.543750 0.181250 0.015625 0.006250
0 0.893750 0.284375 0.014063 0.012500
0 0.743750 0.151562 0.009375 0.009375
0 0.237500 0.925000 0.010937 0.007812
