0 0.803125 0.901563 0.014063 0.012500
0 0.300000 0.076563 0.014063 0.012500
0 0.626563 0.832812 0.015625 0.007812
0 0.820312 0.289062 0.018750 0.009375
0 0.381250 0.956250 0.012500 0.007812
0 0.465625 0.154688 0.014063 0.006250
0 0.278125 0.721875 0.012500 0.010937
0 0.104688 0.554688 0.014063 0.006250
0 0.454688 0.034375 0.010937 0.007812
0 0.951562 0.190625 0.010937 0.010937
0 0.706250 0.393750 0.010937 0.010937
0 0.603125 0.939063 0.018750 0.010937
0 0.076563 0.151562 0.009375 0.012500
0 0.395313 0.923438 0.015625 0.007812
0 0.125000 0.917188 0.014063 0.009375
0 0.065625 0.465625 0.017188 0.012500
0 0.725000 0.893750 0.010937 0.012500
0 0.915625 0.876563 0.015625 0.006250
0 0.443750 0.117188 0.014063 0.009375
0 0.607812 0.053125 0.015625 0.006250
0 0.832812 0.353125 0.010937 0.010937
0 0.887500 0.309375 0.017188 0.012500
0 0.034375 0.250000 0.009375 0.006250
0 0.846875 0.576562 0.015625 0.012500
0 0.064062 0.145313 0.017188 0.009375
0 0.809375 0.790625 0.018750 0.009375
0 0.631250 0.779687 0.010937 0.009375
0 0.960938 0.818750 0.015625 0.010937
0 0.212500 0.556250 0.012500 0.009375
0 0.737500 0.654687 0.012500 0.006250
0 0.090625 0.789062 0.012500 0.012500
0 0.206250 0.546875 0.012500 0.009375
0 0.496875 0.246875 0.010937 0.010937
0 0.073438 0.079687 0.015625 0.009375
0 0.907813 0.568750 0.017188 0.012500
0 0.387500 0.842187 0.018750 0.010937
0 0.182812 0.370312 0.014063 0.006250
0 0.870313 0.679688 0.010937 0.006250
0 0.162500 0.260937 0.015625 0.010937
0 0.137500 0.467187 0.009375 0.009375
0 0.648438 0.085938 0.015625 0.012500
0 0.389062 0.678125 0.012500 0.012500
0 0.956250 0.901563 0.014063 0.012500
0 0.745313 0.207813 0.009375 0.009375
0 0.540625 0.206250 0.014063 0.009375
0 0.906250 0.782813 0.014063 0.007812
0 0.618750 0.753125 0.014063 0.006250
0 0.507812 0.876563 0.018750 0.009375
0 0.282813 0.093750 0.018750 0.007812
0 0.876563 0.640625 0.014063 0.009375
0 0.034375 0.826562 0.014063 0.007812
0 0.335938 0.790625 0.018750 0.006250
0 0.796875 0.073438 0.014063 0.007812
0 0.237500 0.798438 0.012500 0.012500
0 0.331250 0.817187 0.009375 0.009375
0 0.035937 0.209375 0.015625 0.007812
0 0.243750 0.551562 0.017188 0.012500
0 0.768750 0.889062 0.010937 0.006250
0 0.176563 0.951562 0.017188 0.007812
0 0.317188 0.759375 0.010937 0.006250
0 0.528125 0.789062 0.009375 0.009375
