0 0.623437 0.775000 0.012500 0.009375
0 0.656250 0.920312 0.014063 0.009375
0 0.309375 0.831250 0.015625 0.006250
0 0.531250 0.865625 0.009375 0.010937
0 0.565625 0.215625 0.009375 0.009375
0 0.632812 0.332813 0.018750 0.009375
0 0.303125 0.487500 0.018750 0.007812
0 0.321875 0.575000 0.015625 0.006250
0 0.950000 0.295312 0.014063 0.009375
0 0.735938 0.475000 0.009375 0.007812
0 0.546875 0.039062 0.017188 0.010937
0 0.889062 0.521875 0.010937 0.006250
0 0.064062 0.362500 0.014063 0.006250
0 0.709375 0.846875 0.014063 0.012500
0 0.137500 0.079687 0.015625 0.006250
0 0.679688 0.903125 0.010937 0.007812
0 0.726562 0.162500 0.014063 0.009375
0 0.223438 0.204687 0.017188 0.007812
0 0.515625 0.592187 0.017188 0.009375
0 0.528125 0.154688 0.012500 0.012500
0 0.143750 0.367188 0.012500 0.012500
0 0.914062 0.932813 0.017188 0.007812
0 0.503125 0.157812 0.009375 0.006250
0 0.828125 0.901563 0.010937 0.010937
0 0.237500 0.745313 0.010937 0.006250
0 0.303125 0.537500 0.009375 0.010937
0 0.385937 0.857812 0.012500 0.012500
0 0.465625 0.382812 0.012500 0.012500
0 0.306250 0.160938 0.018750 0.007812
0 0.834375 0.676562 0.018750 0.012500
0 0.873437 0.700000 0.009375 0.009375
0 0.660937 0.229687 0.014063 0.006250
0 0.593750 0.556250 0.015625 0.006250
0 0.664062 0.726562 0.014063 0.007812
0 0.112500 0.801562 0.012500 0.012500
0 0.753125 0.910937 0.017188 0.012500
0 0.565625 0.250000 0.014063 0.007812
0 0.643750 0.385937 0.015625 0.007812
0 0.207813 0.648438 0.014063 0.010937
0 0.421875 0.865625 0.010937 0.007812
0 0.648438 0.595313 0.010937 0.006250
0 0.250000 0.148438 0.017188 0.007812
0 0.853125 0.371875 0.017188 0.012500
0 0.646875 0.362500 0.009375 0.012500
0 0.685937 0.707812 0.009375 0.012500
0 0.192188 0.292187 0.018750 0.010937
0 0.926562 0.240625 0.018750 0.009375
0 0.140625 0.568750 0.012500 0.006250
0 0.953125 0.251563 0.018750 0.010937
0 0.795312 0.581250 0.014063 0.012500
0 0.828125 0.151562 0.010937 0.007812
0 0.706250 0.382812 0.017188 0.010937
0 0.301563 0.764062 0.017188 0.009375
0 0.834375 0.595313 0.018750 0.010937
0 0.415625 0.775000 0.018750 0.007812
0 0.551562 0.684375 0.015625 0.007812
0 0.309375 0.290625 0.018750 0.012500
0 0.551562 0.828125 0.012500 0.009375
0 0.932813 0.270313 0.014063 0.009375
0 0.217188 0.310937 0.012500 0.009375
0 0.514062 0.564063 0.017188 0.006250
0 0.818750 0.862500 0.018750 0.012500
0 0.723437 0.948438 0.010937 0.009375
0 0.717187 0.403125 0.010937 0.012500
0 0.551562 0.560937 0.015625 0.012500
0 0.909375 0.357812 0.012500 0.010937
0 0.532813 0.729688 0.017188 0.010937
