0 0.253125 0.390625 0.018750 0.006250
0 0.156250 0.293750 0.015625 0.012500
0 0.270313 0.139063 0.010937 0.007812
0 0.110937 0.575000 0.010937 0.010937
0 0.095312 0.928125 0.014063 0.010937
0 0.073438 0.059375 0.015625 0.006250
0 0.792188 0.035937 0.017188 0.007812
0 0.451562 0.704688 0.009375 0.012500
0 0.489063 0.900000 0.012500 0.010937
0 0.959375 0.756250 0.015625 0.006250
0 0.156250 0.931250 0.018750 0.010937
0 0.907813 0.828125 0.015625 0.010937
0 0.229687 0.921875 0.010937 0.007812
0 0.093750 0.959375 0.014063 0.012500
0 0.542188 0.782813 0.017188 0.010937
0 0.487500 0.554688 0.015625 0.012500
0 0.568750 0.818750 0.018750 0.006250
0 0.782813 0.796875 0.014063 0.010937
0 0.204687 0.585938 0.010937 0.007812
0 0.650000 0.868750 0.014063 0.006250
0 0.407813 0.940625 0.017188 0.007812
0 0.750000 0.837500 0.014063 0.006250
0 0.364063 0.360938 0.009375 0.007812
0 0.585938 0.293750 0.009375 0.007812
0 0.556250 0.792188 0.012500 0.010937
0 0.853125 0.582812 0.010937 0.009375
0 0.743750 0.626563 0.017188 0.009375
0 0.637500 0.748437 0.010937 0.007812
