0 0.760938 0.084375 0.015625 0.009375
0 0.929688 0.520312 0.012500 0.012500
0 0.818750 0.218750 0.015625 0.012500
0 0.175000 0.740625 0.017188 0.006250
0 0.040625 0.095312 0.012500 0.010937
0 0.509375 0.264062 0.014063 0.010937
0 0.721875 0.795312 0.012500 0.012500
0 0.723437 0.310937 0.015625 0.006250
0 0.162500 0.803125 0.015625 0.006250
0 0.070312 0.371875 0.009375 0.009375
0 0.551562 0.953125 0.012500 0.012500
0 0.665625 0.857812 0.014063 0.010937
0 0.825000 0.254688 0.012500 0.010937
0 0.653125 0.909375 0.018750 0.010937
0 0.428125 0.318750 0.017188 0.010937
0 0.526563 0.878125 0.012500 0.009375
0 0.889062 0.553125 0.018750 0.006250
0 0.956250 0.965625 0.018750 0.007812
0 0.034375 0.540625 0.014063 0.007812
0 0.207813 0.882812 0.009375 0.010937
0 0.203125 0.585938 0.009375 0.007812
0 0.279687 0.701562 0.017188 0.010937
0 0.034375 0.784375 0.017188 0.009375
0 0.073438 0.243750 0.017188 0.012500
0 0.276562 0.390625 0.009375 0.010937
0 0.439063 0.929688 0.017188 0.009375
0 0.771875 0.629687 0.015625 0.012500
0 0.812500 0.382812 0.009375 0.006250
0 0.726562 0.453125 0.009375 0.006250
0 0.484375 0.507812 0.014063 0.009375
0 0.307812 0.929688 0.018750 0.012500
0 0.446875 0.540625 0.010937 0.006250
0 0.879687 0.198437 0.010937 0.012500
0 0.621875 0.242188 0.012500 0.009375
0 0.496875 0.731250 0.010937 0.009375
0 0.600000 0.456250 0.012500 0.009375
0 0.196875 0.873437 0.009375 0.006250
0 0.831250 0.142187 0.010937 0.009375
0 0.392188 0.503125 0.009375 0.010937
0 0.943750 0.704688 0.014063 0.009375
0 0.712500 0.753125 0.018750 0.009375
0 0.206250 0.157812 0.010937 0.009375
0 0.184375 0.039062 0.012500 0.007812
0 0.900000 0.770312 0.009375 0.010937
0 0.034375 0.796875 0.010937 0.009375
0 0.550000 0.604688 0.012500 0.007812
0 0.207813 0.670312 0.015625 0.010937
0 0.364063 0.065625 0.015625 0.006250
0 0.223438 0.509375 0.009375 0.007812
0 0.584375 0.456250 0.009375 0.012500
0 0.810937 0.656250 0.015625 0.010937
0 0.846875 0.856250 0.009375 0.009375
0 0.457813 0.417187 0.017188 0.010937
0 0.734375 0.426563 0.014063 0.009375
0 0.678125 0.912500 0.010937 0.006250
0 0.723437 0.800000 0.018750 0.007812
0 0.706250 0.782813 0.014063 0.006250
0 0.250000 0.090625 0.018750 0.010937
0 0.389062 0.639062 0.017188 0.009375
0 0.464062 0.893750 0.015625 0.006250
0 0.690625 0.487500 0.009375 0.010937
0 0.745313 0.162500 0.018750 0.010937
0 0.187500 0.700000 0.018750 0.006250
0 0.967187 0.817187 0.014063 0.010937
0 0.956250 0.812500 0.010937 0.006250
0 0.771875 0.532813 0.018750 0.009375
0 0.892188 0.887500 0.009375 0.012500
0 0.620313 0.620313 0.015625 0.006250
0 0.820312 0.743750 0.018750 0.006250
