0 0.859375 0.525000 0.018750 0.010937
0 0.507812 0.660937 0.015625 0.007812
0 0.379688 0.835938 0.012500 0.007812
0 0.320312 0.753125 0.014063 0.012500
0 0.275000 0.146875 0.014063 0.006250
0 0.684375 0.762500 0.012500 0.012500
0 0.159375 0.934375 0.010937 0.009375
0 0.831250 0.092188 0.015625 0.006250
0 0.696875 0.889062 0.017188 0.012500
0 0.475000 0.218750 0.015625 0.012500
0 0.135937 0.814063 0.010937 0.012500
0 0.918750 0.548438 0.015625 0.006250
0 0.240625 0.742188 0.018750 0.012500
0 0.339062 0.862500 0.009375 0.007812
0 0.293750 0.482812 0.014063 0.010937
0 0.581250 0.043750 0.010937 0.006250
0 0.143750 0.381250 0.015625 0.007812
0 0.320312 0.462500 0.018750 0.006250
0 0.493750 0.628125 0.010937 0.010937
0 0.603125 0.681250 0.010937 0.010937
0 0.400000 0.306250 0.014063 0.007812
0 0.128125 0.442188 0.017188 0.006250
0 0.593750 0.178125 0.018750 0.007812
0 0.821875 0.114062 0.015625 0.007812
0 0.040625 0.620313 0.014063 0.006250
0 0.178125 0.945312 0.014063 0.012500
0 0.932813 0.454688 0.018750 0.007812
0 0.242188 0.301563 0.017188 0.007812
0 0.584375 0.801562 0.010937 0.007812
0 0.618750 0.282813 0.018750 0.006250
0 0.287500 0.264062 0.014063 0.009375
0 0.359375 0.968750 0.010937 0.006250
0 0.078125 0.764062 0.014063 0.010937
0 0.215625 0.509375 0.009375 0.006250
0 0.621875 0.668750 0.009375 0.006250
0 0.335938 0.904687 0.010937 0.009375
0 0.815625 0.231250 0.017188 0.012500
0 0.346875 0.184375 0.012500 0.009375
0 0.234375 0.151562 0.012500 0.006250
0 0.565625 0.814063 0.009375 0.009375
0 0.104688 0.281250 0.015625 0.007812
0 0.554688 0.785937 0.009375 0.006250
0 0.303125 0.214062 0.014063 0.010937
0 0.137500 0.448437 0.009375 0.009375
0 0.290625 0.828125 0.018750 0.007812
0 0.210938 0.420312 0.018750 0.009375
0 0.643750 0.371875 0.009375 0.010937
0 0.235937 0.337500 0.009375 0.012500
0 0.437500 0.445312 0.010937 0.006250
0 0.507812 0.546875 0.009375 0.009375
0 0.662500 0.057813 0.009375 0.007812
0 0.776563 0.373437 0.015625 0.007812
0 0.482812 0.290625 0.014063 0.010937
0 0.443750 0.182812 0.014063 0.010937
0 0.540625 0.145313 0.012500 0.006250
0 0.757812 0.793750 0.014063 0.010937
0 0.737500 0.084375 0.010937 0.010937
0 0.635938 0.698438 0.010937 0.012500
0 0.846875 0.189062 0.015625 0.012500
0 0.731250 0.326562 0.009375 0.010937
0 0.114062 0.228125 0.015625 0.010937
0 0.420312 0.160938 0.010937 0.009375
0 0.743750 0.132812 0.018750 0.009375
0 0.173437 0.481250 0.018750 0.009375
0 0.551562 0.803125 0.017188 0.007812
