0 0.917188 0.109375 0.017188 0.010937
0 0.321875 0.193750 0.017188 0.012500
0 0.560937 0.243750 0.018750 0.012500
0 0.290625 0.525000 0.018750 0.009375
0 0.557813 0.576562 0.017188 0.009375
0 0.765625 0.410938 0.009375 0.012500
0 0.107813 0.314063 0.015625 0.006250
0 0.782813 0.889062 0.017188 0.006250
0 0.935937 0.965625 0.012500 0.012500
0 0.417187 0.675000 0.012500 0.009375
0 0.378125 0.650000 0.015625 0.009375
0 0.087500 0.485938 0.017188 0.007812
0 0.560937 0.343750 0.018750 0.012500
0 0.342187 0.234375 0.012500 0.010937
0 0.857812 0.767188 0.015625 0.006250
0 0.762500 0.153125 0.012500 0.012500
0 0.051562 0.350000 0.010937 0.007812
0 0.589063 0.106250 0.012500 0.007812
0 0.634375 0.271875 0.018750 0.007812
0 0.089063 0.395313 0.014063 0.006250
0 0.968750 0.648438 0.015625 0.007812
0 0.198437 0.393750 0.012500 0.012500
0 0.318750 0.760938 0.015625 0.009375
0 0.495312 0.967187 0.018750 0.006250
0 0.676562 0.110937 0.014063 0.006250
0 0.703125 0.764062 0.018750 0.009375
0 0.275000 0.839063 0.018750 0.012500
0 0.668750 0.079687 0.010937 0.012500
0 0.167187 0.640625 0.018750 0.010937
0 0.317188 0.212500 0.017188 0.006250
0 0.823438 0.900000 0.009375 0.006250
0 0.035937 0.826562 0.009375 0.009375
0 0.815625 0.709375 0.012500 0.009375
0 0.795312 0.878125 0.009375 0.009375
0 0.673438 0.932813 0.009375 0.009375
0 0.807813 0.734375 0.015625 0.009375
0 0.832812 0.418750 0.015625 0.006250
0 0.918750 0.760938 0.009375 0.006250
0 0.856250 0.743750 0.010937 0.009375
0 0.151562 0.814063 0.018750 0.007812
0 0.493750 0.048438 0.018750 0.006250
0 0.768750 0.684375 0.009375 0.010937
0 0.284375 0.134375 0.009375 0.009375
0 0.737500 0.253125 0.010937 0.009375
0 0.300000 0.162500 0.009375 0.012500
0 0.250000 0.592187 0.012500 0.012500
0 0.732812 0.829688 0.017188 0.009375
0 0.075000 0.432812 0.018750 0.006250
0 0.959375 0.792188 0.010937 0.012500
0 0.700000 0.756250 0.015625 0.010937
0 0.825000 0.093750 0.009375 0.010937
0 0.046875 0.859375 0.017188 0.007812
0 0.201563 0.640625 0.017188 0.010937
