0 0.295312 0.239063 0.009375 0.007812
0 0.687500 0.631250 0.015625 0.012500
0 0.181250 0.096875 0.018750 0.006250
0 0.771875 0.896875 0.017188 0.006250
0 0.893750 0.439063 0.012500 0.006250
0 0.467187 0.809375 0.018750 0.006250
0 0.473438 0.882812 0.014063 0.012500
0 0.245312 0.818750 0.012500 0.010937
0 0.375000 0.070312 0.012500 0.007812
0 0.526563 0.809375 0.010937 0.012500
0 0.646875 0.306250 0.014063 0.007812
0 0.476562 0.801562 0.012500 0.006250
0 0.621875 0.742188 0.015625 0.007812
0 0.937500 0.182812 0.017188 0.007812
0 0.845313 0.103125 0.015625 0.010937
0 0.228125 0.581250 0.009375 0.009375
0 0.325000 0.462500 0.010937 0.012500
0 0.107813 0.073438 0.015625 0.012500
0 0.734375 0.806250 0.009375 0.010937
0 0.595313 0.342187 0.012500 0.012500
0 0.237500 0.889062 0.010937 0.007812
0 0.871875 0.959375 0.017188 0.009375
0 0.406250 0.585938 0.009375 0.006250
0 0.785937 0.323437 0.014063 0.010937
0 0.693750 0.592187 0.014063 0.009375
0 0.764062 0.534375 0.012500 0.010937
0 0.165625 0.075000 0.009375 0.009375
0 0.321875 0.881250 0.009375 0.007812
0 0.221875 0.467187 0.015625 0.010937
0 0.782813 0.503125 0.018750 0.012500
0 0.801562 0.139063 0.010937 0.010937
0 0.740625 0.085938 0.017188 0.010937
0 0.878125 0.859375 0.014063 0.007812
0 0.298438 0.893750 0.012500 0.012500
0 0.693750 0.418750 0.017188 0.006250
0 0.704688 0.871875 0.012500 0.012500
0 0.882812 0.853125 0.012500 0.007812
0 0.867188 0.668750 0.014063 0.007812
0 0.718750 0.321875 0.014063 0.010937
0 0.903125 0.301563 0.017188 0.007812
0 0.720313 0.614062 0.018750 0.006250
0 0.100000 0.093750 0.012500 0.007812
0 0.326562 0.828125 0.014063 0.009375
0 0.759375 0.234375 0.012500 0.012500
0 0.567187 0.659375 0.015625 0.006250
0 0.200000 0.521875 0.010937 0.009375
0 0.615625 0.692187 0.017188 0.009375
0 0.501563 0.267188 0.009375 0.009375
0 0.796875 0.640625 0.015625 0.007812
0 0.476562 0.329688 0.018750 0.012500
0 0.779687 0.767188 0.010937 0.009375
0 0.721875 0.321875 0.010937 0.009375
0 0.693750 0.240625 0.017188 0.010937
0 0.312500 0.940625 0.010937 0.010937
0 0.129688 0.464062 0.012500 0.009375
0 0.321875 0.443750 0.015625 0.007812
0 0.767188 0.560937 0.014063 0.012500
0 0.376563 0.339062 0.009375 0.007812
0 0.243750 0.300000 0.017188 0.006250
0 0.209375 0.320312 0.018750 0.006250
0 0.300000 0.379688 0.009375 0.009375
0 0.717187 0.550000 0.009375 0.007812
0 0.370312 0.117188 0.009375 0.012500
0 0.367188 0.060937 0.014063 0.012500
0 0.323437 0.132812 0.017188 0.007812
0 0.456250 0.428125 0.017188 0.009375
0 0.909375 0.631250 0.009375 0.007812
0 0.731250 0.359375 0.017188 0.007812
0 0.868750 0.643750 0.017188 0.006250
0 0.354687 0.612500 0.010937 0.009375
0 0.479687 0.928125 0.017188 0.006250
0 0.459375 0.032813 0.017188 0.006250
0 0.520312 0.398438 0.009375 0.007812
0 0.890625 0.460938 0.010937 0.012500
0 0.142187 0.667188 0.018750 0.010937
0 0.196875 0.332813 0.009375 0.006250
0 0.407813 0.507812 0.015625 0.009375
0 0.618750 0.179688 0.010937 0.006250
0 0.460938 0.126562 0.010937 0.006250
0 0.418750 0.806250 0.009375 0.009375
