0 0.828125 0.581250 0.018750 0.009375
0 0.507812 0.673438 0.018750 0.012500
0 0.692187 0.778125 0.014063 0.009375
0 0.212500 0.476562 0.017188 0.010937
0 0.604688 0.385937 0.010937 0.010937
0 0.918750 0.675000 0.017188 0.007812
0 0.690625 0.076563 0.009375 0.012500
0 0.828125 0.115625 0.018750 0.007812
0 0.351562 0.203125 0.015625 0.012500
0 0.564063 0.170313 0.010937 0.007812
0 0.251563 0.281250 0.017188 0.010937
0 0.695312 0.573438 0.010937 0.007812
0 0.323437 0.554688 0.009375 0.006250
0 0.412500 0.723437 0.009375 0.006250
0 0.128125 0.825000 0.014063 0.007812
0 0.965625 0.903125 0.010937 0.006250
0 0.303125 0.785937 0.017188 0.012500
0 0.745313 0.373437 0.014063 0.006250
0 0.701562 0.773438 0.018750 0.007812
0 0.657813 0.340625 0.012500 0.009375
0 0.106250 0.414062 0.009375 0.007812
0 0.868750 0.331250 0.010937 0.012500
0 0.067187 0.778125 0.018750 0.006250
0 0.843750 0.770312 0.017188 0.012500
0 0.160938 0.385937 0.015625 0.007812
