0 0.429688 0.840625 0.012500 0.012500
0 0.868750 0.128125 0.012500 0.006250
0 0.765625 0.609375 0.018750 0.009375
0 0.089063 0.456250 0.012500 0.006250
0 0.273438 0.182812 0.018750 0.006250
0 0.656250 0.239063 0.009375 0.009375
0 0.432812 0.539062 0.010937 0.009375
0 0.754687 0.765625 0.018750 0.006250
0 0.431250 0.878125 0.010937 0.010937
0 0.906250 0.782813 0.010937 0.007812
0 0.884375 0.125000 0.009375 0.012500
0 0.385937 0.837500 0.018750 0.009375
0 0.943750 0.609375 0.014063 0.006250
0 0.685937 0.709375 0.010937 0.007812
0 0.290625 0.196875 0.015625 0.012500
0 0.887500 0.314063 0.012500 0.006250
0 0.240625 0.735938 0.012500 0.007812
0 0.146875 0.165625 0.014063 0.010937
0 0.918750 0.556250 0.017188 0.012500
0 0.504687 0.748437 0.010937 0.009375
0 0.415625 0.282813 0.010937 0.006250
0 0.664062 0.631250 0.018750 0.012500
0 0.042188 0.695312 0.015625 0.012500
0 0.181250 0.401562 0.010937 0.010937
0 0.575000 0.317188 0.017188 0.010937
0 0.914062 0.110937 0.010937 0.010937
0 0.956250 0.865625 0.012500 0.006250
0 0.689063 0.889062 0.017188 0.007812
0 0.400000 0.409375 0.018750 0.007812
0 0.834375 0.337500 0.009375 0.010937
0 0.489063 0.632812 0.017188 0.007812
0 0.128125 0.331250 0.017188 0.012500
0 0.375000 0.181250 0.010937 0.012500
0 0.470313 0.268750 0.012500 0.010937
0 0.942187 0.734375 0.015625 0.009375
0 0.421875 0.378125 0.018750 0.006250
0 0.187500 0.414062 0.012500 0.010937
0 0.318750 0.128125 0.010937 0.006250
0 0.389062 0.889062 0.017188 0.006250
0 0.931250 0.850000 0.017188 0.012500
0 0.037500 0.081250 0.015625 0.006250
0 0.482812 0.518750 0.012500 0.010937
0 0.295312 0.829688 0.017188 0.006250
0 0.337500 0.776563 0.012500 0.010937
0 0.423438 0.700000 0.014063 0.009375
0 0.601562 0.225000 0.018750 0.012500
0 0.929688 0.576562 0.009375 0.007812
0 0.100000 0.082812 0.010937 0.007812
