0 0.414062 0.459375 0.012500 0.009375
0 0.926562 0.665625 0.014063 0.007812
0 0.175000 0.173437 0.017188 0.009375
0 0.600000 0.039062 0.015625 0.007812
0 0.282813 0.681250 0.017188 0.009375
0 0.490625 0.587500 0.017188 0.006250
0 0.409375 0.434375 0.009375 0.009375
0 0.307812 0.968750 0.012500 0.007812
0 0.323437 0.553125 0.010937 0.007812
0 0.034375 0.931250 0.017188 0.012500
0 0.871875 0.142187 0.015625 0.007812
0 0.085938 0.507812 0.015625 0.009375
0 0.910937 0.246875 0.018750 0.009375
0 0.414062 0.078125 0.015625 0.006250
0 0.734375 0.420312 0.014063 0.006250
0 0.604688 0.931250 0.017188 0.009375
0 0.345313 0.578125 0.018750 0.007812
0 0.845313 0.225000 0.010937 0.009375
0 0.782813 0.179688 0.010937 0.006250
0 0.360938 0.459375 0.015625 0.009375
0 0.073438 0.260937 0.010937 0.009375
0 0.354687 0.206250 0.018750 0.012500
0 0.898438 0.887500 0.010937 0.012500
0 0.084375 0.281250 0.017188 0.009375
0 0.662500 0.389062 0.009375 0.009375
0 0.579688 0.218750 0.009375 0.012500
0 0.368750 0.515625 0.015625 0.012500
0 0.873437 0.534375 0.010937 0.006250
0 0.860938 0.282813 0.010937 0.012500
0 0.906250 0.512500 0.009375 0.006250
0 0.173437 0.754687 0.010937 0.007812
0 0.096875 0.432812 0.014063 0.006250
0 0.518750 0.345313 0.014063 0.009375
0 0.679688 0.854688 0.018750 0.007812
0 0.467187 0.945312 0.015625 0.009375
0 0.923438 0.123438 0.012500 0.006250
0 0.326562 0.643750 0.009375 0.012500
0 0.232813 0.279687 0.012500 0.010937
0 0.059375 0.968750 0.012500 0.009375
0 0.471875 0.489063 0.014063 0.007812
0 0.606250 0.401562 0.010937 0.010937
0 0.456250 0.457813 0.018750 0.012500
0 0.921875 0.648438 0.010937 0.010937
0 0.906250 0.135937 0.014063 0.007812
0 0.875000 0.887500 0.012500 0.010937
0 0.453125 0.868750 0.015625 0.012500
0 0.529687 0.103125 0.017188 0.009375
0 0.678125 0.503125 0.009375 0.010937
0 0.925000 0.234375 0.015625 0.006250
0 0.140625 0.900000 0.018750 0.012500
0 0.503125 0.082812 0.018750 0.010937
0 0.254688 0.753125 0.018750 0.007812
0 0.928125 0.540625 0.015625 0.012500
0 0.103125 0.954688 0.012500 0.007812
0 0.489063 0.454688 0.017188 0.007812
0 0.089063 0.096875 0.015625 0.010937
0 0.310937 0.885938 0.018750 0.007812
0 0.893750 0.220312 0.018750 0.012500
0 0.770312 0.968750 0.012500 0.012500
0 0.860938 0.092188 0.010937 0.009375
0 0.859375 0.806250 0.010937 0.006250
0 0.706250 0.246875 0.010937 0.012500
0 0.090625 0.309375 0.017188 0.010937
0 0.842187 0.232813 0.018750 0.006250
0 0.117188 0.757812 0.014063 0.007812
0 0.568750 0.704688 0.009375 0.012500
0 0.287500 0.740625 0.018750 0.010937
0 0.756250 0.660937 0.015625 0.006250
0 0.376563 0.703125 0.012500 0.012500
0 0.693750 0.339062 0.010937 0.007812
0 0.598437 0.864062 0.015625 0.009375
0 0.942187 0.162500 0.017188 0.006250
0 0.470313 0.164062 0.010937 0.007812
0 0.453125 0.309375 0.010937 0.010937
0 0.645312 0.464062 0.017188 0.007812
0 0.282813 0.250000 0.017188 0.006250
