0 0.331250 0.060937 0.018750 0.007812
0 0.654687 0.871875 0.015625 0.007812
0 0.843750 0.251563 0.018750 0.009375
0 0.735938 0.178125 0.014063 0.010937
0 0.459375 0.184375 0.014063 0.012500
0 0.150000 0.384375 0.010937 0.012500
0 0.401562 0.864062 0.017188 0.010937
0 0.632812 0.220312 0.012500 0.010937
0 0.390625 0.109375 0.015625 0.007812
0 0.729688 0.065625 0.017188 0.010937
0 0.375000 0.928125 0.012500 0.012500
0 0.053125 0.960938 0.017188 0.012500
0 0.406250 0.485938 0.009375 0.012500
0 0.037500 0.100000 0.012500 0.007812
0 0.751563 0.632812 0.009375 0.006250
0 0.348438 0.340625 0.018750 0.006250
0 0.895312 0.964063 0.017188 0.007812
0 0.464062 0.957812 0.009375 0.012500
0 0.200000 0.756250 0.018750 0.009375
0 0.917188 0.881250 0.010937 0.009375
0 0.334375 0.178125 0.009375 0.012500
0 0.621875 0.631250 0.009375 0.010937
0 0.217188 0.348438 0.012500 0.012500
0 0.876563 0.232813 0.012500 0.006250
0 0.879687 0.717187 0.012500 0.007812
0 0.532813 0.275000 0.015625 0.009375
0 0.273438 0.312500 0.010937 0.006250
0 0.362500 0.793750 0.017188 0.010937
0 0.448437 0.709375 0.018750 0.007812
0 0.239063 0.057813 0.009375 0.009375
0 0.659375 0.348438 0.012500 0.007812
0 0.198437 0.196875 0.010937 0.006250
0 0.326562 0.875000 0.017188 0.012500
0 0.603125 0.768750 0.018750 0.010937
0 0.435937 0.370312 0.018750 0.010937
