0 0.318750 0.960938 0.017188 0.007812
0 0.373437 0.429688 0.012500 0.007812
0 0.748437 0.251563 0.017188 0.010937
0 0.134375 0.567187 0.015625 0.009375
0 0.750000 0.040625 0.015625 0.010937
0 0.714063 0.939063 0.009375 0.009375
0 0.123438 0.639062 0.012500 0.009375
0 0.114062 0.057813 0.014063 0.010937
0 0.351562 0.143750 0.009375 0.012500
0 0.925000 0.645312 0.014063 0.007812
0 0.401562 0.296875 0.012500 0.012500
0 0.945312 0.435937 0.012500 0.006250
0 0.464062 0.431250 0.014063 0.006250
0 0.629687 0.167187 0.018750 0.010937
0 0.093750 0.770312 0.015625 0.006250
0 0.420312 0.884375 0.010937 0.012500
