0 0.796875 0.734375 0.010937 0.007812
0 0.165625 0.746875 0.015625 0.012500
0 0.473438 0.448437 0.018750 0.010937
0 0.850000 0.520312 0.017188 0.012500
0 0.740625 0.720313 0.012500 0.009375
0 0.323437 0.745313 0.009375 0.010937
0 0.884375 0.092188 0.009375 0.007812
0 0.623437 0.868750 0.017188 0.007812
0 0.915625 0.489063 0.010937 0.006250
0 0.479687 0.929688 0.017188 0.009375
0 0.737500 0.470313 0.009375 0.012500
0 0.048438 0.671875 0.015625 0.012500
0 0.828125 0.912500 0.009375 0.007812
0 0.848437 0.259375 0.010937 0.009375
0 0.846875 0.109375 0.012500 0.012500
0 0.035937 0.696875 0.017188 0.009375
0 0.620313 0.946875 0.014063 0.012500
0 0.031250 0.501563 0.018750 0.009375
0 0.850000 0.493750 0.014063 0.010937
0 0.865625 0.164062 0.014063 0.009375
0 0.064062 0.893750 0.017188 0.009375
0 0.225000 0.246875 0.010937 0.010937
0 0.059375 0.410938 0.015625 0.006250
0 0.453125 0.184375 0.010937 0.009375
0 0.585938 0.693750 0.018750 0.006250
0 0.168750 0.792188 0.015625 0.009375
0 0.329688 0.431250 0.009375 0.007812
