0 0.321875 0.721875 0.018750 0.006250
0 0.409375 0.435937 0.017188 0.010937
0 0.825000 0.593750 0.018750 0.006250
0 0.829688 0.329688 0.014063 0.007812
0 0.204687 0.676562 0.012500 0.009375
0 0.473438 0.854688 0.015625 0.010937
0 0.809375 0.715625 0.010937 0.010937
0 0.318750 0.656250 0.010937 0.007812
0 0.718750 0.420312 0.018750 0.010937
0 0.904687 0.104688 0.010937 0.010937
0 0.790625 0.225000 0.018750 0.007812
0 0.140625 0.581250 0.017188 0.009375
0 0.748437 0.346875 0.018750 0.012500
0 0.812500 0.451562 0.017188 0.009375
0 0.281250 0.759375 0.014063 0.007812
0 0.181250 0.862500 0.017188 0.009375
0 0.746875 0.359375 0.009375 0.010937
0 0.865625 0.223438 0.015625 0.012500
0 0.045312 0.779687 0.012500 0.012500
0 0.523438 0.943750 0.018750 0.010937
0 0.104688 0.962500 0.009375 0.010937
0 0.289062 0.881250 0.015625 0.007812
0 0.159375 0.906250 0.017188 0.009375
0 0.479687 0.485938 0.009375 0.007812
0 0.300000 0.782813 0.014063 0.006250
0 0.101562 0.173437 0.012500 0.012500
0 0.335938 0.714063 0.010937 0.010937
0 0.093750 0.914062 0.010937 0.010937
0 0.431250 0.562500 0.010937 0.007812
0 0.642188 0.342187 0.015625 0.010937
0 0.678125 0.457813 0.015625 0.010937
0 0.098437 0.800000 0.012500 0.009375
0 0.945312 0.628125 0.009375 0.010937
0 0.640625 0.756250 0.012500 0.007812
0 0.190625 0.948438 0.014063 0.010937
0 0.604688 0.473438 0.017188 0.006250
0 0.606250 0.084375 0.015625 0.009375
0 0.515625 0.850000 0.010937 0.009375
0 0.746875 0.773438 0.014063 0.007812
0 0.651563 0.618750 0.010937 0.012500
0 0.187500 0.826562 0.010937 0.007812
0 0.373437 0.739062 0.015625 0.006250
0 0.712500 0.728125 0.018750 0.012500
0 0.615625 0.778125 0.012500 0.006250
0 0.221875 0.439063 0.009375 0.009375
0 0.776563 0.850000 0.014063 0.007812
0 0.410938 0.917188 0.009375 0.012500
0 0.756250 0.543750 0.018750 0.012500
0 0.929688 0.460938 0.009375 0.007812
0 0.731250 0.057813 0.015625 0.006250
0 0.570312 0.732812 0.017188 0.006250
0 0.615625 0.756250 0.010937 0.010937
0 0.410938 0.306250 0.010937 0.012500
0 0.698438 0.196875 0.014063 0.009375
