0 0.182812 0.534375 0.010937 0.009375
0 0.320312 0.090625 0.012500 0.012500
0 0.412500 0.665625 0.012500 0.009375
0 0.542188 0.221875 0.012500 0.010937
0 0.153125 0.885938 0.014063 0.010937
0 0.681250 0.160938 0.012500 0.009375
0 0.360938 0.928125 0.012500 0.012500
0 0.396875 0.623437 0.012500 0.009375
0 0.895312 0.259375 0.010937 0.012500
0 0.104688 0.629687 0.012500 0.012500
0 0.495312 0.829688 0.014063 0.012500
0 0.392188 0.221875 0.015625 0.006250
0 0.670312 0.746875 0.017188 0.007812
0 0.420312 0.851562 0.014063 0.010937
0 0.189062 0.212500 0.017188 0.010937
0 0.428125 0.103125 0.015625 0.007812
0 0.476562 0.182812 0.009375 0.009375
0 0.231250 0.251563 0.017188 0.007812
0 0.957812 0.234375 0.009375 0.007812
0 0.065625 0.857812 0.009375 0.009375
0 0.076563 0.667188 0.009375 0.006250
0 0.967187 0.621875 0.015625 0.009375
0 0.929688 0.068750 0.010937 0.012500
0 0.037500 0.745313 0.010937 0.012500
0 0.164062 0.267188 0.012500 0.007812
0 0.718750 0.487500 0.009375 0.010937
0 0.821875 0.862500 0.010937 0.012500
0 0.346875 0.632812 0.010937 0.006250
0 0.501563 0.171875 0.014063 0.010937
0 0.962500 0.618750 0.012500 0.007812
0 0.137500 0.559375 0.015625 0.012500
0 0.801562 0.860938 0.018750 0.012500
0 0.565625 0.248438 0.009375 0.009375
0 0.628125 0.129688 0.017188 0.009375
