0 0.923438 0.639062 0.014063 0.010937
0 0.856250 0.440625 0.017188 0.009375
0 0.365625 0.106250 0.015625 0.009375
0 0.354687 0.584375 0.017188 0.006250
0 0.953125 0.831250 0.015625 0.007812
0 0.445312 0.350000 0.015625 0.007812
0 0.192188 0.121875 0.014063 0.012500
0 0.859375 0.129688 0.012500 0.012500
0 0.692187 0.810937 0.018750 0.010937
0 0.532813 0.160938 0.018750 0.006250
0 0.321875 0.867188 0.017188 0.010937
0 0.200000 0.809375 0.009375 0.012500
0 0.482812 0.251563 0.012500 0.012500
0 0.214062 0.550000 0.014063 0.006250
0 0.087500 0.660937 0.012500 0.009375
0 0.485938 0.282813 0.012500 0.012500
0 0.162500 0.210938 0.014063 0.006250
0 0.628125 0.732812 0.012500 0.010937
0 0.582812 0.734375 0.015625 0.009375
0 0.968750 0.907813 0.017188 0.007812
0 0.937500 0.354687 0.010937 0.009375
0 0.079687 0.514062 0.017188 0.006250
0 0.456250 0.187500 0.009375 0.007812
0 0.492188 0.085938 0.010937 0.012500
0 0.704688 0.448437 0.012500 0.012500
0 0.406250 0.071875 0.009375 0.007812
0 0.589063 0.473438 0.012500 0.009375
0 0.343750 0.510938 0.009375 0.009375
0 0.142187 0.045312 0.017188 0.009375
0 0.690625 0.457813 0.012500 0.006250
0 0.940625 0.104688 0.010937 0.010937
0 0.309375 0.339062 0.018750 0.009375
0 0.082812 0.729688 0.012500 0.010937
0 0.737500 0.340625 0.014063 0.009375
0 0.578125 0.887500 0.010937 0.007812
0 0.218750 0.226562 0.010937 0.006250
0 0.351562 0.428125 0.010937 0.010937
0 0.168750 0.850000 0.018750 0.012500
0 0.193750 0.692187 0.012500 0.006250
0 0.492188 0.262500 0.009375 0.009375
0 0.056250 0.887500 0.012500 0.009375
0 0.809375 0.329688 0.010937 0.007812
