0 0.259375 0.468750 0.018750 0.006250
0 0.176563 0.300000 0.010937 0.012500
0 0.482812 0.937500 0.017188 0.009375
0 0.342187 0.931250 0.017188 0.009375
0 0.840625 0.157812 0.015625 0.006250
0 0.571875 0.650000 0.010937 0.012500
0 0.331250 0.731250 0.012500 0.006250
0 0.189062 0.782813 0.010937 0.006250
0 0.512500 0.575000 0.009375 0.010937
0 0.193750 0.817187 0.015625 0.009375
0 0.071875 0.432812 0.012500 0.006250
0 0.351562 0.265625 0.012500 0.012500
0 0.093750 0.865625 0.012500 0.009375
0 0.525000 0.718750 0.017188 0.010937
0 0.914062 0.340625 0.009375 0.007812
0 0.092188 0.360938 0.017188 0.006250
0 0.551562 0.050000 0.017188 0.012500
0 0.751563 0.681250 0.018750 0.010937
0 0.370312 0.896875 0.015625 0.009375
0 0.567187 0.254688 0.009375 0.012500
0 0.071875 0.131250 0.018750 0.006250
0 0.582812 0.960938 0.018750 0.007812
0 0.803125 0.056250 0.017188 0.012500
0 0.379688 0.039062 0.017188 0.012500
0 0.190625 0.126562 0.010937 0.007812
0 0.831250 0.364063 0.017188 0.012500
0 0.579688 0.356250 0.014063 0.010937
0 0.110937 0.037500 0.010937 0.007812
0 0.770312 0.451562 0.009375 0.012500
0 0.387500 0.535937 0.018750 0.009375
0 0.351562 0.598437 0.014063 0.012500
0 0.750000 0.321875 0.010937 0.007812
0 0.339062 0.745313 0.009375 0.009375
0 0.329688 0.260937 0.012500 0.012500
0 0.367188 0.359375 0.017188 0.010937
0 0.264062 0.498437 0.009375 0.007812
0 0.235937 0.350000 0.018750 0.006250
0 0.473438 0.698438 0.018750 0.010937
0 0.251563 0.142187 0.010937 0.007812
0 0.054688 0.578125 0.009375 0.007812
0 0.228125 0.526563 0.017188 0.010937
0 0.218750 0.223438 0.009375 0.009375
0 0.401562 0.267188 0.012500 0.010937
0 0.904687 0.907813 0.010937 0.006250
0 0.535937 0.375000 0.017188 0.010937
0 0.425000 0.951562 0.010937 0.007812
0 0.478125 0.593750 0.010937 0.007812
0 0.171875 0.037500 0.017188 0.009375
0 0.150000 0.714063 0.014063 0.012500
0 0.740625 0.893750 0.014063 0.007812
0 0.895312 0.284375 0.017188 0.012500
0 0.200000 0.420312 0.017188 0.009375
0 0.351562 0.057813 0.014063 0.007812
0 0.339062 0.564063 0.018750 0.009375
0 0.845313 0.867188 0.010937 0.012500
0 0.309375 0.778125 0.015625 0.009375
0 0.634375 0.835938 0.009375 0.009375
0 0.746875 0.845313 0.010937 0.012500
0 0.278125 0.706250 0.014063 0.012500
0 0.679688 0.562500 0.017188 0.010937
0 0.045312 0.143750 0.012500 0.006250
0 0.939063 0.407813 0.012500 0.012500
0 0.235937 0.625000 0.014063 0.006250
0 0.125000 0.850000 0.017188 0.007812
0 0.364063 0.601562 0.012500 0.009375
0 0.650000 0.214062 0.018750 0.007812
0 0.289062 0.885938 0.009375 0.010937
0 0.867188 0.498437 0.012500 0.012500
0 0.082812 0.267188 0.010937 0.010937
0 0.381250 0.271875 0.015625 0.007812
0 0.839063 0.423438 0.017188 0.007812
0 0.067187 0.417187 0.014063 0.012500
0 0.564063 0.751563 0.009375 0.007812
0 0.818750 0.737500 0.015625 0.010937
0 0.815625 0.115625 0.012500 0.010937
0 0.746875 0.329688 0.017188 0.012500
0 0.720313 0.818750 0.010937 0.010937
0 0.595313 0.640625 0.010937 0.006250
0 0.454688 0.050000 0.015625 0.010937
