0 0.503125 0.360938 0.012500 0.012500
0 0.156250 0.501563 0.009375 0.007812
0 0.293750 0.760938 0.014063 0.012500
0 0.178125 0.429688 0.009375 0.010937
0 0.839063 0.925000 0.012500 0.012500
0 0.218750 0.545312 0.009375 0.012500
0 0.457813 0.935937 0.017188 0.012500
0 0.462500 0.468750 0.010937 0.010937
0 0.967187 0.128125 0.010937 0.010937
0 0.510938 0.765625 0.009375 0.012500
0 0.576562 0.792188 0.009375 0.010937
0 0.295312 0.195312 0.014063 0.012500
0 0.854688 0.193750 0.015625 0.012500
0 0.815625 0.040625 0.009375 0.010937
0 0.517188 0.057813 0.009375 0.012500
0 0.609375 0.915625 0.012500 0.009375
0 0.209375 0.353125 0.010937 0.007812
0 0.948438 0.746875 0.012500 0.009375
0 0.551562 0.145313 0.017188 0.009375
0 0.515625 0.920312 0.018750 0.010937
0 0.885938 0.421875 0.017188 0.012500
0 0.428125 0.765625 0.017188 0.010937
0 0.400000 0.887500 0.009375 0.012500
0 0.450000 0.500000 0.018750 0.009375
0 0.464062 0.590625 0.017188 0.006250
0 0.081250 0.501563 0.012500 0.009375
0 0.085938 0.403125 0.014063 0.012500
0 0.159375 0.500000 0.014063 0.012500
0 0.112500 0.390625 0.017188 0.012500
0 0.575000 0.443750 0.015625 0.009375
0 0.837500 0.804688 0.012500 0.006250
0 0.864062 0.928125 0.018750 0.007812
0 0.673438 0.268750 0.018750 0.009375
0 0.901563 0.939063 0.012500 0.010937
0 0.857812 0.693750 0.014063 0.006250
0 0.900000 0.226562 0.010937 0.006250
0 0.489063 0.245312 0.010937 0.010937
0 0.798438 0.270313 0.017188 0.010937
0 0.418750 0.492188 0.017188 0.010937
0 0.060937 0.370312 0.012500 0.006250
0 0.651563 0.367188 0.010937 0.012500
0 0.179688 0.615625 0.009375 0.010937
0 0.326562 0.262500 0.012500 0.010937
0 0.948438 0.356250 0.010937 0.007812
0 0.842187 0.840625 0.015625 0.007812
0 0.328125 0.660937 0.018750 0.006250
0 0.512500 0.742188 0.012500 0.009375
0 0.215625 0.243750 0.014063 0.010937
0 0.184375 0.462500 0.010937 0.006250
0 0.203125 0.870313 0.012500 0.009375
0 0.176563 0.506250 0.017188 0.009375
0 0.503125 0.695312 0.015625 0.006250
0 0.353125 0.307812 0.017188 0.006250
0 0.146875 0.729688 0.009375 0.006250
0 0.329688 0.801562 0.010937 0.009375
0 0.317188 0.870313 0.012500 0.010937
0 0.171875 0.128125 0.017188 0.012500
0 0.642188 0.776563 0.009375 0.006250
0 0.770312 0.854688 0.010937 0.007812
0 0.326562 0.523438 0.014063 0.009375
0 0.503125 0.389062 0.012500 0.010937
0 0.448437 0.198437 0.018750 0.009375
0 0.093750 0.589063 0.018750 0.006250
0 0.148438 0.606250 0.017188 0.010937
0 0.715625 0.123438 0.012500 0.006250
0 0.067187 0.345313 0.010937 0.006250
0 0.735938 0.317188 0.015625 0.006250
0 0.770312 0.835938 0.018750 0.009375
0 0.876563 0.276562 0.012500 0.006250
0 0.468750 0.464062 0.014063 0.006250
0 0.378125 0.043750 0.010937 0.007812
0 0.707812 0.935937 0.012500 0.009375
0 0.668750 0.932813 0.014063 0.012500
