0 0.129688 0.271875 0.010937 0.010937
0 0.431250 0.456250 0.009375 0.006250
0 0.760938 0.465625 0.009375 0.007812
0 0.621875 0.112500 0.014063 0.010937
0 0.406250 0.156250 0.017188 0.009375
0 0.101562 0.909375 0.009375 0.006250
0 0.943750 0.317188 0.014063 0.007812
0 0.262500 0.896875 0.017188 0.010937
0 0.909375 0.587500 0.014063 0.007812
0 0.782813 0.212500 0.010937 0.010937
0 0.696875 0.740625 0.010937 0.007812
0 0.521875 0.195312 0.012500 0.012500
0 0.676562 0.215625 0.017188 0.006250
0 0.473438 0.870313 0.010937 0.012500
0 0.559375 0.476562 0.009375 0.010937
0 0.729688 0.832812 0.012500 0.009375
0 0.562500 0.507812 0.014063 0.006250
0 0.123438 0.934375 0.012500 0.007812
0 0.300000 0.118750 0.017188 0.009375
