0 0.706250 0.084375 0.012500 0.010937
0 0.323437 0.845313 0.017188 0.006250
0 0.325000 0.478125 0.009375 0.006250
0 0.820312 0.226562 0.012500 0.007812
0 0.862500 0.796875 0.015625 0.009375
0 0.307812 0.329688 0.009375 0.009375
0 0.534375 0.920312 0.014063 0.010937
0 0.785937 0.585938 0.012500 0.012500
0 0.078125 0.176563 0.018750 0.007812
0 0.423438 0.509375 0.018750 0.010937
0 0.231250 0.729688 0.015625 0.006250
0 0.575000 0.731250 0.012500 0.006250
0 0.721875 0.698438 0.009375 0.010937
0 0.371875 0.579688 0.014063 0.009375
0 0.054688 0.525000 0.010937 0.007812
0 0.060937 0.957812 0.015625 0.006250
0 0.857812 0.498437 0.012500 0.009375
0 0.187500 0.225000 0.009375 0.006250
0 0.454688 0.909375 0.012500 0.009375
0 0.332813 0.726562 0.010937 0.006250
0 0.704688 0.898438 0.018750 0.009375
0 0.879687 0.565625 0.017188 0.010937
0 0.051562 0.871875 0.014063 0.006250
0 0.148438 0.871875 0.009375 0.007812
0 0.328125 0.898438 0.010937 0.007812
0 0.565625 0.820312 0.017188 0.009375
0 0.706250 0.815625 0.009375 0.007812
0 0.193750 0.195312 0.014063 0.007812
