0 0.956250 0.340625 0.015625 0.012500
0 0.604688 0.650000 0.015625 0.009375
0 0.729688 0.421875 0.015625 0.010937
0 0.628125 0.954688 0.015625 0.006250
0 0.296875 0.495312 0.015625 0.012500
0 0.846875 0.617188 0.017188 0.007812
0 0.487500 0.392188 0.009375 0.010937
0 0.673438 0.664062 0.009375 0.007812
0 0.031250 0.214062 0.010937 0.010937
0 0.423438 0.770312 0.010937 0.010937
0 0.559375 0.390625 0.018750 0.009375
0 0.343750 0.926562 0.009375 0.006250
0 0.184375 0.200000 0.009375 0.006250
0 0.587500 0.792188 0.010937 0.009375
0 0.804688 0.714063 0.014063 0.006250
0 0.387500 0.832812 0.009375 0.012500
0 0.325000 0.807813 0.012500 0.007812
0 0.793750 0.500000 0.018750 0.007812
0 0.828125 0.764062 0.009375 0.006250
0 0.937500 0.667188 0.014063 0.009375
0 0.853125 0.256250 0.012500 0.007812
0 0.084375 0.557813 0.015625 0.012500
0 0.678125 0.704688 0.015625 0.010937
0 0.779687 0.401562 0.017188 0.012500
0 0.957812 0.317188 0.017188 0.010937
0 0.156250 0.726562 0.010937 0.007812
0 0.792188 0.270313 0.010937 0.009375
0 0.887500 0.146875 0.015625 0.012500
0 0.171875 0.787500 0.014063 0.010937
0 0.218750 0.893750 0.010937 0.006250
0 0.376563 0.770312 0.018750 0.009375
0 0.265625 0.496875 0.015625 0.012500
0 0.821875 0.200000 0.017188 0.009375
0 0.867188 0.557813 0.018750 0.007812
0 0.887500 0.443750 0.012500 0.010937
0 0.153125 0.065625 0.012500 0.006250
0 0.256250 0.195312 0.017188 0.010937
0 0.678125 0.753125 0.017188 0.007812
0 0.664062 0.128125 0.015625 0.006250
0 0.093750 0.968750 0.018750 0.007812
0 0.481250 0.264062 0.014063 0.010937
