0 0.951562 0.592187 0.014063 0.010937
0 0.356250 0.909375 0.010937 0.009375
0 0.950000 0.195312 0.010937 0.010937
0 0.665625 0.114062 0.017188 0.007812
0 0.892188 0.898438 0.017188 0.009375
0 0.725000 0.893750 0.014063 0.006250
0 0.482812 0.514062 0.015625 0.010937
0 0.479687 0.387500 0.012500 0.009375
0 0.535937 0.453125 0.012500 0.012500
0 0.725000 0.600000 0.015625 0.007812
0 0.760938 0.906250 0.009375 0.009375
0 0.879687 0.721875 0.009375 0.010937
0 0.935937 0.228125 0.017188 0.012500
0 0.481250 0.573438 0.012500 0.009375
0 0.065625 0.179688 0.010937 0.006250
0 0.165625 0.814063 0.012500 0.006250
0 0.870313 0.885938 0.018750 0.012500
0 0.395313 0.156250 0.010937 0.010937
0 0.275000 0.456250 0.018750 0.007812
0 0.548438 0.326562 0.018750 0.009375
0 0.695312 0.078125 0.018750 0.010937
0 0.529687 0.567187 0.014063 0.010937
0 0.657813 0.725000 0.014063 0.012500
0 0.815625 0.585938 0.018750 0.012500
0 0.598437 0.400000 0.014063 0.007812
0 0.082812 0.682813 0.009375 0.007812
0 0.923438 0.618750 0.010937 0.007812
0 0.875000 0.467187 0.009375 0.010937
0 0.739062 0.110937 0.017188 0.007812
0 0.198437 0.918750 0.009375 0.010937
0 0.478125 0.168750 0.014063 0.006250
0 0.921875 0.498437 0.018750 0.006250
0 0.032813 0.657813 0.010937 0.007812
0 0.614062 0.578125 0.009375 0.010937
0 0.815625 0.714063 0.010937 0.010937
0 0.873437 0.173437 0.012500 0.012500
0 0.364063 0.423438 0.010937 0.007812
0 0.804688 0.268750 0.017188 0.009375
0 0.098437 0.954688 0.012500 0.012500
0 0.801562 0.895312 0.010937 0.006250
0 0.151562 0.810937 0.015625 0.010937
0 0.934375 0.823438 0.009375 0.007812
0 0.660937 0.340625 0.010937 0.006250
0 0.778125 0.359375 0.018750 0.007812
0 0.253125 0.557813 0.018750 0.007812
0 0.762500 0.712500 0.018750 0.009375
0 0.242188 0.665625 0.017188 0.009375
0 0.290625 0.714063 0.014063 0.009375
0 0.950000 0.629687 0.017188 0.012500
0 0.526563 0.557813 0.015625 0.007812
