0 0.540625 0.565625 0.014063 0.012500
0 0.476562 0.906250 0.009375 0.009375
0 0.512500 0.456250 0.010937 0.009375
0 0.285938 0.237500 0.012500 0.006250
0 0.075000 0.954688 0.018750 0.009375
0 0.506250 0.523438 0.018750 0.007812
0 0.921875 0.373437 0.017188 0.006250
0 0.423438 0.165625 0.017188 0.007812
0 0.450000 0.075000 0.014063 0.007812
0 0.459375 0.907813 0.012500 0.006250
0 0.815625 0.032813 0.014063 0.006250
0 0.145313 0.648438 0.012500 0.006250
0 0.289062 0.228125 0.015625 0.010937
0 0.581250 0.603125 0.012500 0.009375
0 0.812500 0.623437 0.009375 0.012500
0 0.587500 0.070312 0.012500 0.007812
0 0.915625 0.093750 0.018750 0.006250
0 0.759375 0.723437 0.018750 0.010937
0 0.923438 0.581250 0.017188 0.006250
0 0.873437 0.303125 0.010937 0.012500
0 0.882812 0.528125 0.018750 0.006250
0 0.884375 0.884375 0.015625 0.009375
0 0.257812 0.903125 0.018750 0.006250
0 0.581250 0.650000 0.014063 0.012500
0 0.756250 0.115625 0.015625 0.007812
0 0.451562 0.543750 0.018750 0.006250
0 0.939063 0.670312 0.015625 0.006250
0 0.900000 0.856250 0.015625 0.012500
0 0.723437 0.657813 0.009375 0.007812
0 0.195312 0.875000 0.012500 0.010937
0 0.823438 0.956250 0.012500 0.010937
0 0.745313 0.373437 0.009375 0.012500
0 0.256250 0.579688 0.017188 0.007812
