0 0.315625 0.559375 0.018750 0.006250
0 0.610938 0.270313 0.015625 0.007812
0 0.837500 0.601562 0.018750 0.010937
0 0.814063 0.542188 0.012500 0.010937
0 0.431250 0.581250 0.012500 0.007812
0 0.679688 0.885938 0.018750 0.010937
0 0.909375 0.898438 0.015625 0.006250
0 0.396875 0.123438 0.015625 0.012500
0 0.250000 0.098437 0.012500 0.007812
0 0.268750 0.357812 0.009375 0.009375
0 0.809375 0.082812 0.009375 0.007812
0 0.510938 0.271875 0.014063 0.009375
0 0.926562 0.854688 0.015625 0.010937
0 0.182812 0.823438 0.015625 0.007812
0 0.193750 0.675000 0.009375 0.006250
0 0.759375 0.432812 0.010937 0.012500
0 0.140625 0.654687 0.009375 0.009375
0 0.417187 0.354687 0.009375 0.007812
0 0.614062 0.909375 0.009375 0.009375
0 0.759375 0.731250 0.010937 0.006250
0 0.870313 0.646875 0.017188 0.006250
0 0.901563 0.509375 0.018750 0.010937
0 0.087500 0.403125 0.009375 0.009375
0 0.067187 0.512500 0.015625 0.007812
0 0.787500 0.400000 0.014063 0.009375
0 0.237500 0.360938 0.018750 0.009375
0 0.364063 0.404687 0.009375 0.012500
0 0.643750 0.228125 0.010937 0.006250
0 0.617188 0.368750 0.014063 0.009375
0 0.140625 0.275000 0.012500 0.010937
0 0.275000 0.870313 0.017188 0.010937
0 0.545312 0.335938 0.014063 0.009375
0 0.279687 0.207813 0.018750 0.009375
0 0.326562 0.935937 0.010937 0.009375
0 0.645312 0.487500 0.018750 0.010937
0 0.418750 0.743750 0.018750 0.006250
0 0.750000 0.592187 0.015625 0.006250
0 0.446875 0.456250 0.018750 0.007812
0 0.101562 0.109375 0.009375 0.012500
0 0.065625 0.109375 0.012500 0.007812
0 0.418750 0.164062 0.018750 0.012500
0 0.695312 0.403125 0.014063 0.007812
0 0.568750 0.342187 0.012500 0.010937
0 0.626563 0.685937 0.018750 0.006250
0 0.182812 0.909375 0.009375 0.006250
0 0.668750 0.932813 0.014063 0.010937
0 0.910937 0.117188 0.014063 0.010937
0 0.526563 0.537500 0.018750 0.010937
0 0.573438 0.875000 0.012500 0.009375
0 0.503125 0.351562 0.015625 0.010937
0 0.621875 0.226562 0.014063 0.010937
0 0.539062 0.595313 0.014063 0.012500
0 0.246875 0.623437 0.015625 0.006250
0 0.957812 0.593750 0.015625 0.010937
0 0.946875 0.151562 0.017188 0.007812
0 0.184375 0.643750 0.017188 0.006250
0 0.767188 0.735938 0.010937 0.012500
0 0.917188 0.606250 0.018750 0.010937
0 0.554688 0.089063 0.017188 0.010937
0 0.128125 0.265625 0.015625 0.010937
0 0.676562 0.339062 0.018750 0.009375
0 0.159375 0.529687 0.012500 0.007812
0 0.948438 0.296875 0.009375 0.010937
0 0.512500 0.931250 0.010937 0.009375
0 0.270313 0.148438 0.017188 0.006250
0 0.846875 0.359375 0.017188 0.007812
0 0.942187 0.290625 0.017188 0.012500
0 0.615625 0.190625 0.018750 0.007812
