0 0.150000 0.365625 0.014063 0.009375
0 0.112500 0.654687 0.010937 0.012500
0 0.206250 0.071875 0.009375 0.006250
0 0.279687 0.517188 0.009375 0.006250
0 0.406250 0.279687 0.010937 0.006250
0 0.128125 0.434375 0.017188 0.007812
0 0.115625 0.275000 0.014063 0.007812
0 0.465625 0.679688 0.014063 0.007812
0 0.503125 0.850000 0.014063 0.010937
0 0.495312 0.260937 0.017188 0.012500
0 0.081250 0.298438 0.012500 0.010937
0 0.968750 0.717187 0.012500 0.012500
0 0.323437 0.762500 0.015625 0.012500
0 0.762500 0.575000 0.018750 0.007812
0 0.117188 0.370312 0.015625 0.012500
0 0.084375 0.514062 0.014063 0.010937
0 0.218750 0.385937 0.018750 0.009375
0 0.382812 0.773438 0.010937 0.010937
0 0.078125 0.570312 0.018750 0.010937
0 0.946875 0.170313 0.015625 0.009375
0 0.757812 0.453125 0.015625 0.009375
0 0.564063 0.675000 0.010937 0.010937
0 0.371875 0.782813 0.009375 0.006250
0 0.157812 0.882812 0.012500 0.006250
0 0.259375 0.525000 0.018750 0.010937
0 0.856250 0.162500 0.012500 0.010937
0 0.312500 0.200000 0.014063 0.006250
0 0.135937 0.554688 0.015625 0.012500
0 0.806250 0.621875 0.014063 0.010937
0 0.439063 0.181250 0.010937 0.007812
0 0.450000 0.506250 0.018750 0.010937
