0 0.210938 0.242188 0.012500 0.012500
0 0.690625 0.254688 0.010937 0.007812
0 0.623437 0.181250 0.009375 0.009375
0 0.596875 0.148438 0.010937 0.009375
0 0.756250 0.937500 0.018750 0.012500
0 0.489063 0.682813 0.009375 0.012500
0 0.359375 0.448437 0.015625 0.010937
0 0.210938 0.417187 0.010937 0.006250
0 0.595313 0.182812 0.018750 0.006250
0 0.714063 0.545312 0.018750 0.010937
0 0.953125 0.489063 0.018750 0.009375
0 0.123438 0.767188 0.012500 0.009375
0 0.929688 0.425000 0.018750 0.009375
0 0.292187 0.381250 0.014063 0.010937
0 0.617188 0.365625 0.012500 0.006250
0 0.723437 0.750000 0.018750 0.006250
0 0.732812 0.739062 0.015625 0.010937
0 0.132812 0.912500 0.009375 0.012500
0 0.235937 0.156250 0.018750 0.012500
0 0.125000 0.365625 0.010937 0.010937
0 0.632812 0.790625 0.017188 0.006250
0 0.071875 0.225000 0.009375 0.010937
0 0.360938 0.150000 0.014063 0.009375
0 0.629687 0.650000 0.017188 0.007812
