0 0.779687 0.700000 0.015625 0.012500
0 0.190625 0.746875 0.012500 0.006250
0 0.657813 0.850000 0.018750 0.012500
0 0.168750 0.746875 0.014063 0.010937
0 0.228125 0.900000 0.010937 0.006250
0 0.195312 0.567187 0.018750 0.007812
0 0.700000 0.239063 0.010937 0.007812
0 0.796875 0.842187 0.014063 0.007812
0 0.131250 0.656250 0.015625 0.012500
0 0.146875 0.834375 0.012500 0.009375
0 0.076563 0.184375 0.018750 0.012500
0 0.479687 0.142187 0.014063 0.006250
0 0.201563 0.143750 0.015625 0.010937
0 0.584375 0.089063 0.009375 0.012500
0 0.926562 0.806250 0.009375 0.006250
0 0.085938 0.265625 0.014063 0.009375
0 0.548438 0.528125 0.010937 0.009375
0 0.234375 0.365625 0.012500 0.010937
0 0.803125 0.100000 0.010937 0.007812
0 0.125000 0.356250 0.010937 0.009375
0 0.364063 0.748437 0.015625 0.010937
0 0.957812 0.757812 0.014063 0.012500
0 0.415625 0.417187 0.015625 0.006250
0 0.517188 0.553125 0.018750 0.010937
0 0.629687 0.317188 0.017188 0.007812
0 0.590625 0.903125 0.014063 0.006250
0 0.837500 0.471875 0.009375 0.007812
0 0.812500 0.242188 0.017188 0.012500
0 0.632812 0.079687 0.015625 0.010937
0 0.242188 0.660937 0.017188 0.010937
0 0.459375 0.787500 0.012500 0.012500
0 0.173437 0.945312 0.009375 0.007812
0 0.196875 0.053125 0.014063 0.012500
0 0.079687 0.731250 0.010937 0.009375
0 0.770312 0.906250 0.012500 0.007812
0 0.248438 0.653125 0.017188 0.012500
0 0.560937 0.679688 0.018750 0.009375
0 0.171875 0.681250 0.018750 0.012500
0 0.631250 0.678125 0.012500 0.012500
0 0.478125 0.678125 0.017188 0.006250
0 0.354687 0.587500 0.012500 0.006250
0 0.143750 0.160938 0.015625 0.006250
