0 0.140625 0.815625 0.012500 0.012500
0 0.895312 0.798438 0.009375 0.006250
0 0.592187 0.306250 0.015625 0.007812
0 0.729688 0.679688 0.014063 0.009375
0 0.959375 0.896875 0.012500 0.006250
0 0.557813 0.387500 0.018750 0.012500
0 0.450000 0.715625 0.012500 0.009375
0 0.351562 0.417187 0.012500 0.009375
0 0.867188 0.757812 0.012500 0.006250
0 0.196875 0.198437 0.009375 0.007812
0 0.475000 0.470313 0.009375 0.010937
0 0.509375 0.718750 0.010937 0.007812
0 0.534375 0.542188 0.010937 0.012500
0 0.792188 0.292187 0.018750 0.010937
0 0.607812 0.439063 0.014063 0.012500
0 0.706250 0.321875 0.018750 0.010937
0 0.104688 0.195312 0.015625 0.009375
0 0.968750 0.529687 0.010937 0.006250
0 0.223438 0.723437 0.018750 0.012500
0 0.206250 0.514062 0.018750 0.007812
0 0.710938 0.620313 0.012500 0.009375
0 0.848437 0.381250 0.017188 0.007812
0 0.132812 0.539062 0.018750 0.006250
0 0.742188 0.903125 0.018750 0.009375
0 0.887500 0.775000 0.009375 0.007812
0 0.300000 0.412500 0.014063 0.009375
0 0.957812 0.954688 0.014063 0.007812
0 0.929688 0.723437 0.014063 0.012500
0 0.954688 0.718750 0.018750 0.009375
0 0.495312 0.917188 0.018750 0.006250
0 0.418750 0.064062 0.014063 0.010937
0 0.137500 0.643750 0.014063 0.007812
0 0.162500 0.898438 0.014063 0.009375
0 0.551562 0.234375 0.018750 0.007812
0 0.873437 0.700000 0.015625 0.010937
0 0.456250 0.631250 0.010937 0.006250
0 0.256250 0.042188 0.009375 0.006250
0 0.031250 0.876563 0.009375 0.006250
0 0.967187 0.514062 0.009375 0.006250
0 0.432812 0.567187 0.012500 0.007812
0 0.800000 0.896875 0.012500 0.010937
0 0.507812 0.170313 0.017188 0.009375
0 0.670312 0.475000 0.010937 0.010937
0 0.260937 0.715625 0.012500 0.009375
0 0.575000 0.300000 0.017188 0.010937
0 0.306250 0.881250 0.017188 0.012500
0 0.807813 0.178125 0.018750 0.010937
0 0.871875 0.589063 0.010937 0.010937
0 0.126562 0.801562 0.014063 0.006250
0 0.364063 0.185938 0.009375 0.012500
0 0.389062 0.242188 0.012500 0.009375
0 0.453125 0.773438 0.017188 0.010937
0 0.385937 0.164062 0.012500 0.010937
0 0.959375 0.456250 0.009375 0.009375
