0 0.829688 0.564063 0.010937 0.006250
0 0.156250 0.381250 0.018750 0.010937
0 0.168750 0.235937 0.014063 0.012500
0 0.100000 0.525000 0.017188 0.012500
0 0.209375 0.757812 0.014063 0.012500
0 0.439063 0.670312 0.017188 0.006250
0 0.198437 0.281250 0.015625 0.010937
0 0.715625 0.620313 0.018750 0.007812
0 0.075000 0.598437 0.010937 0.009375
0 0.901563 0.520312 0.017188 0.010937
0 0.387500 0.737500 0.017188 0.007812
0 0.385937 0.240625 0.017188 0.010937
0 0.610938 0.179688 0.014063 0.012500
0 0.509375 0.271875 0.014063 0.006250
0 0.668750 0.126562 0.009375 0.007812
0 0.935937 0.287500 0.010937 0.009375
0 0.335938 0.593750 0.010937 0.009375
0 0.509375 0.170313 0.012500 0.012500
0 0.123438 0.325000 0.015625 0.012500
0 0.253125 0.620313 0.018750 0.007812
0 0.710938 0.464062 0.017188 0.006250
0 0.260937 0.053125 0.012500 0.012500
0 0.892188 0.789062 0.018750 0.012500
0 0.592187 0.123438 0.014063 0.006250
0 0.925000 0.323437 0.009375 0.012500
0 0.470313 0.654687 0.012500 0.009375
0 0.368750 0.815625 0.010937 0.010937
0 0.389062 0.898438 0.015625 0.007812
0 0.092188 0.956250 0.018750 0.006250
0 0.442188 0.417187 0.018750 0.009375
0 0.218750 0.759375 0.015625 0.012500
0 0.315625 0.317188 0.010937 0.009375
0 0.206250 0.089063 0.014063 0.012500
0 0.346875 0.514062 0.018750 0.007812
0 0.314063 0.484375 0.015625 0.006250
0 0.815625 0.864062 0.014063 0.012500
0 0.653125 0.173437 0.010937 0.010937
0 0.154688 0.189062 0.018750 0.010937
0 0.096875 0.767188 0.017188 0.010937
0 0.826562 0.203125 0.012500 0.007812
0 0.162500 0.393750 0.009375 0.009375
0 0.743750 0.151562 0.012500 0.010937
0 0.806250 0.078125 0.015625 0.006250
0 0.556250 0.910937 0.017188 0.007812
0 0.323437 0.409375 0.017188 0.009375
0 0.214062 0.607812 0.009375 0.009375
0 0.476562 0.625000 0.017188 0.006250
0 0.632812 0.812500 0.014063 0.007812
0 0.165625 0.095312 0.018750 0.006250
0 0.546875 0.779687 0.018750 0.012500
0 0.487500 0.812500 0.009375 0.007812
0 0.692187 0.718750 0.009375 0.009375
0 0.595313 0.289062 0.009375 0.007812
0 0.670312 0.085938 0.015625 0.007812
0 0.679688 0.457813 0.017188 0.010937
0 0.812500 0.470313 0.010937 0.009375
0 0.417187 0.192188 0.010937 0.009375
0 0.384375 0.926562 0.012500 0.006250
0 0.153125 0.959375 0.018750 0.007812
0 0.121875 0.882812 0.010937 0.012500
0 0.487500 0.873437 0.017188 0.009375
0 0.353125 0.789062 0.014063 0.012500
0 0.675000 0.412500 0.010937 0.012500
