0 0.193750 0.473438 0.012500 0.009375
0 0.906250 0.509375 0.010937 0.012500
0 0.364063 0.329688 0.014063 0.009375
0 0.264062 0.456250 0.018750 0.009375
0 0.634375 0.598437 0.009375 0.007812
0 0.207813 0.228125 0.018750 0.010937
0 0.235937 0.653125 0.009375 0.006250
0 0.539062 0.228125 0.009375 0.009375
0 0.834375 0.109375 0.018750 0.012500
0 0.453125 0.842187 0.015625 0.010937
0 0.240625 0.650000 0.017188 0.010937
0 0.290625 0.535937 0.010937 0.007812
0 0.042188 0.496875 0.009375 0.012500
0 0.460938 0.623437 0.010937 0.006250
0 0.121875 0.575000 0.018750 0.010937
0 0.932813 0.232813 0.017188 0.007812
0 0.489063 0.809375 0.009375 0.006250
0 0.335938 0.709375 0.009375 0.006250
0 0.226562 0.323437 0.009375 0.006250
0 0.901563 0.343750 0.014063 0.007812
0 0.581250 0.753125 0.018750 0.012500
0 0.493750 0.617188 0.009375 0.007812
0 0.765625 0.231250 0.018750 0.009375
0 0.546875 0.318750 0.010937 0.009375
0 0.839063 0.851562 0.010937 0.007812
0 0.671875 0.621875 0.015625 0.010937
0 0.192188 0.276562 0.015625 0.009375
0 0.550000 0.282813 0.010937 0.007812
0 0.820312 0.612500 0.015625 0.006250
0 0.323437 0.465625 0.014063 0.009375
0 0.218750 0.320312 0.018750 0.012500
0 0.485938 0.603125 0.018750 0.006250
0 0.253125 0.181250 0.014063 0.010937
0 0.651563 0.837500 0.010937 0.012500
0 0.118750 0.173437 0.012500 0.012500
0 0.392188 0.482812 0.017188 0.012500
0 0.637500 0.929688 0.017188 0.012500
0 0.793750 0.370312 0.014063 0.012500
0 0.379688 0.445312 0.015625 0.012500
0 0.284375 0.817187 0.015625 0.007812
0 0.534375 0.139063 0.010937 0.010937
0 0.768750 0.232813 0.014063 0.012500
0 0.726562 0.557813 0.010937 0.012500
0 0.090625 0.689063 0.017188 0.009375
0 0.801562 0.603125 0.010937 0.009375
0 0.267188 0.578125 0.018750 0.009375
0 0.609375 0.459375 0.018750 0.010937
0 0.512500 0.142187 0.012500 0.007812
0 0.664062 0.237500 0.012500 0.009375
0 0.664062 0.932813 0.018750 0.010937
