0 0.365625 0.335938 0.010937 0.009375
0 0.912500 0.837500 0.017188 0.006250
0 0.631250 0.690625 0.018750 0.006250
0 0.943750 0.301563 0.018750 0.006250
0 0.214062 0.753125 0.018750 0.010937
0 0.573438 0.306250 0.009375 0.012500
0 0.412500 0.487500 0.012500 0.012500
0 0.043750 0.353125 0.018750 0.010937
0 0.051562 0.832812 0.017188 0.012500
0 0.226562 0.056250 0.012500 0.009375
0 0.432812 0.962500 0.018750 0.006250
0 0.650000 0.246875 0.017188 0.010937
0 0.928125 0.542188 0.009375 0.007812
0 0.131250 0.043750 0.018750 0.009375
0 0.721875 0.887500 0.014063 0.006250
0 0.421875 0.520312 0.015625 0.009375
0 0.265625 0.359375 0.017188 0.010937
0 0.195312 0.656250 0.018750 0.006250
0 0.871875 0.068750 0.010937 0.012500
0 0.735938 0.506250 0.015625 0.010937
0 0.207813 0.831250 0.009375 0.012500
0 0.898438 0.243750 0.012500 0.006250
0 0.925000 0.834375 0.014063 0.010937
0 0.545312 0.046875 0.017188 0.009375
0 0.718750 0.751563 0.017188 0.009375
0 0.787500 0.646875 0.012500 0.010937
0 0.851562 0.234375 0.009375 0.006250
0 0.915625 0.904687 0.014063 0.009375
0 0.848437 0.328125 0.018750 0.009375
0 0.429688 0.681250 0.018750 0.009375
0 0.265625 0.767188 0.014063 0.007812
0 0.507812 0.440625 0.015625 0.012500
0 0.056250 0.048438 0.010937 0.006250
0 0.945312 0.098437 0.010937 0.007812
0 0.467187 0.890625 0.012500 0.006250
0 0.217188 0.584375 0.018750 0.010937
0 0.265625 0.264062 0.009375 0.010937
0 0.159375 0.893750 0.012500 0.006250
0 0.579688 0.665625 0.009375 0.010937
0 0.418750 0.203125 0.010937 0.007812
0 0.870313 0.640625 0.009375 0.006250
0 0.453125 0.098437 0.010937 0.012500
0 0.860938 0.950000 0.014063 0.012500
0 0.396875 0.704688 0.015625 0.009375
0 0.460938 0.129688 0.015625 0.012500
0 0.870313 0.806250 0.015625 0.012500
0 0.504687 0.468750 0.017188 0.007812
0 0.410938 0.820312 0.010937 0.009375
0 0.520312 0.796875 0.018750 0.007812
0 0.262500 0.148438 0.010937 0.009375
0 0.703125 0.493750 0.012500 0.012500
0 0.059375 0.710938 0.017188 0.007812
0 0.407813 0.298438 0.018750 0.007812
0 0.242188 0.926562 0.012500 0.010937
0 0.693750 0.039062 0.017188 0.007812
0 0.401562 0.445312 0.018750 0.006250
0 0.560937 0.350000 0.012500 0.009375
0 0.646875 0.468750 0.017188 0.012500
0 0.351562 0.887500 0.015625 0.012500
0 0.968750 0.400000 0.017188 0.010937
0 0.585938 0.887500 0.012500 0.012500
0 0.879687 0.334375 0.009375 0.010937
0 0.893750 0.481250 0.018750 0.010937
0 0.573438 0.692187 0.014063 0.012500
0 0.553125 0.146875 0.009375 0.012500
0 0.229687 0.882812 0.017188 0.012500
0 0.650000 0.492188 0.018750 0.012500
0 0.267188 0.950000 0.010937 0.009375
0 0.637500 0.187500 0.009375 0.007812
0 0.223438 0.964063 0.010937 0.007812
0 0.962500 0.635938 0.017188 0.010937
0 0.559375 0.660937 0.010937 0.007812
0 0.040625 0.309375 0.017188 0.010937
0 0.950000 0.184375 0.015625 0.009375
0 0.151562 0.934375 0.010937 0.007812
0 0.804688 0.404687 0.015625 0.010937
0 0.576562 0.060937 0.015625 0.007812
0 0.440625 0.343750 0.010937 0.012500
0 0.387500 0.329688 0.015625 0.009375
