0 0.490625 0.931250 0.014063 0.007812
0 0.031250 0.407813 0.010937 0.010937
0 0.226562 0.473438 0.015625 0.012500
0 0.312500 0.932813 0.015625 0.010937
0 0.739062 0.167187 0.010937 0.012500
0 0.723437 0.553125 0.017188 0.007812
0 0.106250 0.339062 0.009375 0.009375
0 0.403125 0.642188 0.010937 0.010937
0 0.807813 0.646875 0.015625 0.007812
0 0.084375 0.271875 0.018750 0.012500
0 0.946875 0.335938 0.012500 0.010937
0 0.376563 0.203125 0.009375 0.009375
0 0.459375 0.221875 0.014063 0.010937
0 0.764062 0.132812 0.012500 0.010937
0 0.717187 0.825000 0.012500 0.012500
0 0.957812 0.367188 0.015625 0.010937
0 0.285938 0.826562 0.018750 0.006250
0 0.829688 0.792188 0.017188 0.009375
0 0.907813 0.279687 0.014063 0.007812
0 0.101562 0.175000 0.009375 0.007812
0 0.275000 0.923438 0.010937 0.009375
0 0.706250 0.275000 0.012500 0.010937
0 0.878125 0.862500 0.010937 0.006250
0 0.829688 0.301563 0.015625 0.012500
0 0.100000 0.140625 0.012500 0.006250
0 0.931250 0.764062 0.009375 0.010937
0 0.942187 0.896875 0.012500 0.006250
0 0.846875 0.437500 0.009375 0.006250
0 0.054688 0.181250 0.009375 0.010937
