0 0.771875 0.920312 0.012500 0.009375
0 0.179688 0.615625 0.014063 0.006250
0 0.301563 0.296875 0.014063 0.012500
0 0.145313 0.893750 0.010937 0.009375
0 0.801562 0.406250 0.014063 0.007812
0 0.271875 0.848437 0.014063 0.006250
0 0.246875 0.384375 0.010937 0.006250
0 0.545312 0.417187 0.009375 0.009375
0 0.896875 0.964063 0.009375 0.012500
0 0.073438 0.928125 0.018750 0.006250
0 0.398438 0.209375 0.009375 0.007812
0 0.037500 0.189062 0.015625 0.006250
0 0.220312 0.512500 0.012500 0.007812
0 0.270313 0.632812 0.017188 0.010937
0 0.948438 0.870313 0.010937 0.006250
0 0.262500 0.121875 0.017188 0.012500
0 0.690625 0.929688 0.010937 0.009375
0 0.223438 0.940625 0.014063 0.006250
0 0.170313 0.939063 0.014063 0.009375
0 0.409375 0.278125 0.018750 0.010937
0 0.203125 0.320312 0.017188 0.007812
0 0.439063 0.587500 0.014063 0.009375
0 0.828125 0.485938 0.009375 0.012500
0 0.160938 0.828125 0.015625 0.006250
0 0.501563 0.404687 0.015625 0.006250
0 0.831250 0.821875 0.010937 0.010937
0 0.873437 0.557813 0.017188 0.006250
0 0.581250 0.273438 0.015625 0.010937
0 0.142187 0.843750 0.017188 0.007812
0 0.192188 0.803125 0.009375 0.012500
0 0.651563 0.304688 0.018750 0.010937
0 0.160938 0.885938 0.009375 0.007812
0 0.710938 0.459375 0.015625 0.006250
0 0.623437 0.481250 0.017188 0.010937
0 0.242188 0.104688 0.015625 0.010937
0 0.089063 0.504687 0.015625 0.010937
0 0.210938 0.787500 0.014063 0.006250
0 0.128125 0.548438 0.014063 0.009375
0 0.929688 0.043750 0.010937 0.010937
0 0.470313 0.395313 0.014063 0.010937
0 0.393750 0.893750 0.014063 0.009375
0 0.592187 0.139063 0.009375 0.007812
0 0.098437 0.428125 0.010937 0.006250
0 0.859375 0.843750 0.009375 0.012500
0 0.479687 0.718750 0.015625 0.010937
0 0.760938 0.551562 0.017188 0.010937
0 0.803125 0.659375 0.012500 0.010937
0 0.807813 0.471875 0.009375 0.012500
0 0.520312 0.907813 0.014063 0.010937
0 0.032813 0.567187 0.015625 0.007812
0 0.473438 0.709375 0.012500 0.009375
0 0.743750 0.321875 0.017188 0.007812
0 0.704688 0.562500 0.018750 0.006250
0 0.932813 0.864062 0.014063 0.006250
0 0.510938 0.962500 0.009375 0.010937
0 0.159375 0.960938 0.017188 0.009375
0 0.407813 0.601562 0.017188 0.007812
0 0.500000 0.946875 0.017188 0.010937
0 0.242188 0.457813 0.015625 0.009375
0 0.165625 0.376563 0.015625 0.007812
0 0.618750 0.868750 0.009375 0.007812
0 0.965625 0.625000 0.015625 0.009375
0 0.782813 0.457813 0.009375 0.006250
0 0.531250 0.470313 0.012500 0.007812
0 0.725000 0.567187 0.010937 0.012500
0 0.609375 0.620313 0.014063 0.007812
0 0.909375 0.615625 0.009375 0.006250
0 0.965625 0.131250 0.017188 0.007812
0 0.937500 0.673438 0.014063 0.007812
0 0.937500 0.628125 0.017188 0.006250
0 0.778125 0.870313 0.015625 0.009375
0 0.756250 0.725000 0.009375 0.006250
0 0.096875 0.962500 0.010937 0.007812
0 0.651563 0.851562 0.009375 0.006250
0 0.417187 0.207813 0.015625 0.007812
0 0.918750 0.890625 0.015625 0.010937
0 0.148438 0.457813 0.009375 0.012500
