0 0.396875 0.110937 0.012500 0.007812
0 0.442188 0.257812 0.018750 0.009375
0 0.965625 0.179688 0.014063 0.006250
0 0.407813 0.223438 0.014063 0.012500
0 0.557813 0.375000 0.012500 0.007812
0 0.321875 0.489063 0.014063 0.007812
0 0.185938 0.845313 0.015625 0.010937
0 0.720313 0.353125 0.010937 0.009375
0 0.390625 0.337500 0.012500 0.012500
0 0.259375 0.503125 0.017188 0.012500
0 0.417187 0.267188 0.010937 0.012500
0 0.115625 0.478125 0.012500 0.007812
0 0.967187 0.618750 0.015625 0.010937
0 0.193750 0.117188 0.014063 0.010937
0 0.456250 0.414062 0.015625 0.010937
0 0.515625 0.779687 0.018750 0.007812
0 0.154688 0.592187 0.017188 0.012500
0 0.926562 0.310937 0.015625 0.010937
0 0.554688 0.571875 0.018750 0.006250
0 0.879687 0.517188 0.017188 0.006250
0 0.317188 0.648438 0.009375 0.007812
0 0.290625 0.118750 0.010937 0.006250
0 0.298438 0.065625 0.014063 0.007812
0 0.082812 0.495312 0.017188 0.006250
0 0.150000 0.181250 0.015625 0.010937
0 0.746875 0.087500 0.012500 0.009375
0 0.140625 0.387500 0.010937 0.006250
0 0.428125 0.393750 0.017188 0.010937
0 0.307812 0.837500 0.017188 0.009375
0 0.095312 0.937500 0.018750 0.010937
0 0.962500 0.564063 0.017188 0.010937
0 0.350000 0.501563 0.010937 0.010937
0 0.576562 0.721875 0.015625 0.006250
0 0.467187 0.373437 0.014063 0.012500
0 0.525000 0.559375 0.009375 0.007812
0 0.592187 0.812500 0.017188 0.010937
0 0.625000 0.826562 0.018750 0.010937
0 0.343750 0.500000 0.015625 0.012500
0 0.718750 0.221875 0.009375 0.010937
0 0.720313 0.128125 0.009375 0.009375
0 0.512500 0.684375 0.014063 0.009375
0 0.814063 0.043750 0.014063 0.006250
0 0.301563 0.331250 0.012500 0.010937
0 0.310937 0.770312 0.009375 0.007812
0 0.798438 0.193750 0.015625 0.007812
0 0.223438 0.295312 0.012500 0.012500
0 0.112500 0.529687 0.009375 0.006250
0 0.732812 0.259375 0.010937 0.009375
0 0.289062 0.087500 0.015625 0.010937
0 0.092188 0.228125 0.010937 0.006250
0 0.623437 0.448437 0.014063 0.012500
0 0.868750 0.432812 0.014063 0.009375
0 0.920312 0.465625 0.012500 0.010937
0 0.707812 0.429688 0.010937 0.010937
0 0.031250 0.321875 0.014063 0.010937
0 0.560937 0.660937 0.017188 0.009375
0 0.346875 0.037500 0.010937 0.006250
0 0.126562 0.275000 0.009375 0.006250
0 0.898438 0.689063 0.017188 0.007812
0 0.542188 0.131250 0.014063 0.009375
0 0.867188 0.676562 0.012500 0.007812
