0 0.553125 0.796875 0.015625 0.009375
0 0.417187 0.046875 0.010937 0.009375
0 0.256250 0.471875 0.010937 0.010937
0 0.232813 0.159375 0.012500 0.009375
0 0.796875 0.926562 0.018750 0.009375
0 0.926562 0.401562 0.014063 0.009375
0 0.557813 0.892188 0.018750 0.007812
0 0.662500 0.568750 0.015625 0.009375
0 0.317188 0.500000 0.014063 0.007812
0 0.817187 0.270313 0.018750 0.007812
0 0.753125 0.146875 0.010937 0.010937
0 0.862500 0.362500 0.018750 0.006250
0 0.059375 0.623437 0.015625 0.009375
0 0.525000 0.410938 0.010937 0.012500
0 0.298438 0.743750 0.018750 0.007812
0 0.332813 0.031250 0.015625 0.006250
0 0.885938 0.964063 0.018750 0.009375
0 0.232813 0.295312 0.017188 0.006250
0 0.546875 0.145313 0.010937 0.010937
0 0.182812 0.151562 0.018750 0.010937
0 0.398438 0.212500 0.018750 0.010937
0 0.518750 0.243750 0.018750 0.012500
0 0.584375 0.525000 0.009375 0.009375
0 0.325000 0.031250 0.009375 0.010937
0 0.687500 0.495312 0.015625 0.012500
0 0.821875 0.957812 0.009375 0.007812
0 0.151562 0.893750 0.015625 0.007812
0 0.725000 0.493750 0.010937 0.007812
0 0.245312 0.921875 0.010937 0.007812
0 0.225000 0.335938 0.015625 0.006250
0 0.645312 0.309375 0.017188 0.012500
0 0.925000 0.312500 0.018750 0.009375
0 0.573438 0.846875 0.017188 0.006250
0 0.450000 0.057813 0.017188 0.010937
0 0.564063 0.431250 0.014063 0.010937
0 0.050000 0.173437 0.017188 0.012500
0 0.803125 0.067187 0.018750 0.012500
0 0.559375 0.593750 0.017188 0.012500
0 0.400000 0.787500 0.017188 0.009375
0 0.926562 0.067187 0.010937 0.010937
