0 0.046875 0.054688 0.010937 0.009375
0 0.790625 0.631250 0.014063 0.010937
0 0.662500 0.732812 0.017188 0.006250
0 0.710938 0.231250 0.009375 0.010937
0 0.618750 0.928125 0.010937 0.009375
0 0.204687 0.400000 0.018750 0.012500
0 0.187500 0.776563 0.015625 0.009375
0 0.071875 0.860938 0.010937 0.009375
0 0.389062 0.567187 0.012500 0.012500
0 0.770312 0.339062 0.014063 0.010937
0 0.543750 0.778125 0.014063 0.006250
0 0.903125 0.251563 0.010937 0.009375
0 0.804688 0.551562 0.014063 0.009375
0 0.454688 0.409375 0.014063 0.006250
0 0.232813 0.707812 0.017188 0.010937
0 0.040625 0.495312 0.009375 0.012500
0 0.664062 0.623437 0.012500 0.009375
0 0.807813 0.093750 0.009375 0.010937
0 0.945312 0.300000 0.012500 0.009375
0 0.315625 0.481250 0.017188 0.010937
0 0.406250 0.593750 0.017188 0.007812
0 0.392188 0.598437 0.010937 0.010937
0 0.723437 0.373437 0.010937 0.009375
0 0.464062 0.357812 0.010937 0.007812
0 0.320312 0.770312 0.012500 0.009375
0 0.464062 0.428125 0.009375 0.012500
0 0.101562 0.504687 0.009375 0.010937
0 0.309375 0.537500 0.018750 0.010937
0 0.303125 0.053125 0.018750 0.012500
0 0.362500 0.720313 0.017188 0.007812
0 0.195312 0.062500 0.015625 0.009375
0 0.529687 0.759375 0.009375 0.007812
0 0.873437 0.346875 0.014063 0.012500
0 0.346875 0.076563 0.010937 0.006250
0 0.775000 0.362500 0.015625 0.012500
0 0.785937 0.476562 0.017188 0.010937
0 0.464062 0.031250 0.017188 0.012500
0 0.456250 0.193750 0.018750 0.010937
0 0.684375 0.303125 0.012500 0.009375
0 0.503125 0.726562 0.018750 0.007812
0 0.462500 0.818750 0.017188 0.012500
0 0.523438 0.867188 0.017188 0.007812
0 0.964063 0.962500 0.012500 0.009375
0 0.415625 0.703125 0.009375 0.007812
0 0.593750 0.129688 0.010937 0.012500
0 0.125000 0.567187 0.017188 0.009375
0 0.226562 0.307812 0.009375 0.009375
0 0.876563 0.606250 0.010937 0.006250
0 0.159375 0.842187 0.017188 0.010937
0 0.362500 0.407813 0.015625 0.012500
0 0.829688 0.834375 0.017188 0.010937
0 0.926562 0.268750 0.009375 0.010937
0 0.109375 0.248438 0.010937 0.009375
0 0.420312 0.823438 0.015625 0.012500
0 0.642188 0.501563 0.015625 0.010937
0 0.089063 0.634375 0.009375 0.009375
