0 0.848437 0.706250 0.015625 0.006250
0 0.562500 0.598437 0.009375 0.009375
0 0.268750 0.739062 0.017188 0.006250
0 0.314063 0.803125 0.015625 0.007812
0 0.695312 0.051562 0.017188 0.009375
0 0.303125 0.245312 0.010937 0.009375
0 0.468750 0.104688 0.017188 0.010937
0 0.060937 0.689063 0.012500 0.012500
0 0.448437 0.306250 0.009375 0.007812
0 0.306250 0.468750 0.017188 0.010937
0 0.195312 0.717187 0.015625 0.012500
0 0.192188 0.887500 0.009375 0.009375
0 0.898438 0.070312 0.014063 0.012500
0 0.426563 0.054688 0.018750 0.006250
0 0.646875 0.548438 0.014063 0.007812
0 0.396875 0.231250 0.010937 0.010937
0 0.406250 0.110937 0.012500 0.009375
0 0.284375 0.546875 0.009375 0.006250
0 0.253125 0.807813 0.017188 0.006250
0 0.889062 0.068750 0.018750 0.012500
0 0.460938 0.754687 0.010937 0.007812
0 0.814063 0.940625 0.009375 0.010937
0 0.120313 0.139063 0.010937 0.009375
0 0.873437 0.818750 0.012500 0.007812
0 0.753125 0.228125 0.014063 0.009375
0 0.128125 0.309375 0.009375 0.012500
0 0.384375 0.035937 0.017188 0.012500
0 0.053125 0.693750 0.017188 0.012500
0 0.721875 0.607812 0.012500 0.007812
0 0.562500 0.595313 0.018750 0.010937
0 0.962500 0.298438 0.015625 0.012500
0 0.960938 0.131250 0.009375 0.006250
0 0.395313 0.084375 0.015625 0.012500
0 0.043750 0.303125 0.010937 0.007812
0 0.142187 0.779687 0.018750 0.007812
0 0.643750 0.760938 0.012500 0.007812
0 0.443750 0.354687 0.017188 0.010937
0 0.853125 0.865625 0.009375 0.007812
0 0.832812 0.837500 0.014063 0.007812
0 0.792188 0.940625 0.018750 0.006250
0 0.329688 0.435937 0.009375 0.012500
0 0.075000 0.860938 0.012500 0.007812
0 0.865625 0.914062 0.018750 0.006250
0 0.206250 0.392188 0.018750 0.007812
0 0.056250 0.568750 0.015625 0.012500
0 0.239063 0.100000 0.010937 0.010937
0 0.234375 0.060937 0.014063 0.010937
0 0.846875 0.573438 0.017188 0.006250
0 0.782813 0.106250 0.010937 0.006250
0 0.745313 0.446875 0.010937 0.012500
0 0.195312 0.678125 0.009375 0.009375
0 0.296875 0.064062 0.015625 0.010937
0 0.098437 0.840625 0.012500 0.009375
0 0.056250 0.850000 0.012500 0.010937
0 0.420312 0.642188 0.014063 0.009375
0 0.454688 0.650000 0.010937 0.012500
0 0.384375 0.353125 0.017188 0.006250
0 0.067187 0.264062 0.018750 0.010937
0 0.414062 0.303125 0.009375 0.010937
0 0.246875 0.581250 0.010937 0.009375
0 0.217188 0.829688 0.017188 0.012500
0 0.479687 0.692187 0.010937 0.006250
0 0.875000 0.546875 0.017188 0.010937
0 0.415625 0.185938 0.009375 0.006250
0 0.192188 0.368750 0.014063 0.006250
0 0.395313 0.085938 0.018750 0.006250
0 0.381250 0.051562 0.018750 0.009375
0 0.360938 0.632812 0.017188 0.006250
0 0.546875 0.768750 0.014063 0.006250
0 0.196875 0.401562 0.018750 0.010937
0 0.198437 0.564063 0.009375 0.007812
0 0.753125 0.657813 0.014063 0.007812
0 0.506250 0.140625 0.018750 0.009375
