0 0.957812 0.318750 0.009375 0.006250
0 0.542188 0.209375 0.010937 0.006250
0 0.428125 0.384375 0.014063 0.012500
0 0.075000 0.415625 0.018750 0.007812
0 0.167187 0.554688 0.015625 0.006250
0 0.181250 0.228125 0.010937 0.009375
0 0.400000 0.776563 0.009375 0.012500
0 0.151562 0.568750 0.017188 0.009375
0 0.390625 0.592187 0.010937 0.012500
0 0.806250 0.090625 0.010937 0.007812
0 0.439063 0.662500 0.009375 0.010937
0 0.256250 0.440625 0.014063 0.006250
0 0.857812 0.053125 0.012500 0.010937
0 0.364063 0.709375 0.012500 0.010937
