0 0.476562 0.907813 0.012500 0.009375
0 0.746875 0.595313 0.015625 0.006250
0 0.804688 0.310937 0.009375 0.010937
0 0.093750 0.581250 0.009375 0.006250
0 0.481250 0.573438 0.014063 0.007812
0 0.215625 0.075000 0.017188 0.006250
0 0.950000 0.870313 0.017188 0.010937
0 0.700000 0.917188 0.014063 0.012500
0 0.317188 0.415625 0.010937 0.010937
0 0.357812 0.048438 0.012500 0.012500
0 0.451562 0.675000 0.018750 0.009375
0 0.385937 0.654687 0.015625 0.010937
0 0.479687 0.448437 0.015625 0.010937
0 0.145313 0.696875 0.015625 0.007812
0 0.556250 0.703125 0.017188 0.012500
0 0.232813 0.221875 0.014063 0.012500
0 0.157812 0.240625 0.018750 0.006250
0 0.585938 0.829688 0.018750 0.006250
0 0.250000 0.764062 0.018750 0.012500
0 0.079687 0.601562 0.009375 0.012500
0 0.321875 0.579688 0.017188 0.007812
0 0.925000 0.271875 0.017188 0.006250
0 0.085938 0.550000 0.010937 0.006250
