0 0.896875 0.628125 0.018750 0.006250
0 0.521875 0.654687 0.018750 0.006250
0 0.420312 0.190625 0.010937 0.009375
0 0.375000 0.254688 0.012500 0.009375
0 0.692187 0.101562 0.012500 0.012500
0 0.529687 0.104688 0.015625 0.010937
0 0.648438 0.101562 0.015625 0.007812
0 0.064062 0.489063 0.017188 0.012500
0 0.887500 0.709375 0.018750 0.009375
0 0.309375 0.850000 0.012500 0.009375
0 0.384375 0.185938 0.010937 0.007812
0 0.248438 0.448437 0.015625 0.010937
0 0.135937 0.229687 0.012500 0.009375
0 0.304688 0.798438 0.012500 0.006250
0 0.754687 0.890625 0.017188 0.006250
0 0.476562 0.467187 0.018750 0.006250
0 0.892188 0.104688 0.012500 0.012500
0 0.685937 0.862500 0.015625 0.012500
0 0.615625 0.921875 0.014063 0.012500
0 0.476562 0.178125 0.017188 0.010937
0 0.409375 0.698438 0.014063 0.006250
0 0.898438 0.539062 0.012500 0.007812
0 0.417187 0.154688 0.018750 0.006250
0 0.440625 0.239063 0.009375 0.007812
0 0.268750 0.353125 0.018750 0.007812
0 0.392188 0.773438 0.015625 0.010937
0 0.895312 0.410938 0.015625 0.006250
0 0.925000 0.946875 0.017188 0.009375
0 0.314063 0.739062 0.017188 0.006250
0 0.407813 0.206250 0.017188 0.009375
0 0.687500 0.120313 0.012500 0.012500
0 0.750000 0.707812 0.018750 0.010937
0 0.925000 0.567187 0.010937 0.009375
0 0.489063 0.962500 0.012500 0.009375
0 0.232813 0.410938 0.015625 0.007812
0 0.325000 0.768750 0.015625 0.010937
0 0.142187 0.512500 0.012500 0.010937
0 0.520312 0.765625 0.018750 0.007812
0 0.843750 0.759375 0.009375 0.012500
0 0.543750 0.035937 0.018750 0.006250
0 0.110937 0.495312 0.015625 0.007812
0 0.170313 0.446875 0.012500 0.007812
0 0.557813 0.165625 0.010937 0.006250
0 0.623437 0.145313 0.009375 0.012500
0 0.796875 0.168750 0.012500 0.012500
0 0.515625 0.582812 0.012500 0.006250
0 0.210938 0.800000 0.010937 0.007812
0 0.693750 0.128125 0.015625 0.010937
0 0.375000 0.373437 0.012500 0.009375
0 0.145313 0.637500 0.012500 0.007812
0 0.870313 0.087500 0.009375 0.010937
0 0.646875 0.615625 0.015625 0.007812
0 0.237500 0.117188 0.009375 0.006250
0 0.273438 0.478125 0.009375 0.009375
0 0.614062 0.392188 0.017188 0.012500
0 0.301563 0.745313 0.012500 0.007812
0 0.287500 0.334375 0.012500 0.012500
0 0.443750 0.637500 0.010937 0.007812
0 0.453125 0.914062 0.009375 0.012500
0 0.376563 0.579688 0.009375 0.006250
0 0.854688 0.706250 0.018750 0.009375
0 0.435937 0.729688 0.012500 0.009375
0 0.212500 0.353125 0.017188 0.006250
0 0.181250 0.570312 0.009375 0.006250
0 0.432812 0.071875 0.009375 0.007812
0 0.228125 0.678125 0.017188 0.010937
0 0.717187 0.346875 0.015625 0.012500
