0 0.965625 0.675000 0.012500 0.010937
0 0.376563 0.712500 0.015625 0.006250
0 0.217188 0.371875 0.017188 0.012500
0 0.143750 0.656250 0.012500 0.012500
0 0.420312 0.040625 0.017188 0.009375
0 0.800000 0.082812 0.015625 0.010937
0 0.229687 0.606250 0.010937 0.009375
0 0.770312 0.620313 0.018750 0.012500
0 0.725000 0.842187 0.009375 0.012500
0 0.934375 0.770312 0.018750 0.007812
0 0.043750 0.923438 0.010937 0.007812
0 0.709375 0.317188 0.017188 0.006250
0 0.346875 0.284375 0.017188 0.006250
0 0.106250 0.318750 0.010937 0.006250
0 0.707812 0.360938 0.012500 0.012500
0 0.082812 0.771875 0.017188 0.006250
0 0.628125 0.826562 0.018750 0.007812
0 0.257812 0.395313 0.012500 0.012500
0 0.926562 0.926562 0.010937 0.012500
0 0.514062 0.359375 0.015625 0.009375
0 0.932813 0.250000 0.009375 0.007812
0 0.225000 0.653125 0.017188 0.010937
0 0.367188 0.239063 0.018750 0.009375
0 0.506250 0.045312 0.014063 0.006250
0 0.653125 0.635938 0.018750 0.010937
0 0.409375 0.945312 0.014063 0.006250
0 0.284375 0.110937 0.014063 0.009375
0 0.584375 0.467187 0.017188 0.007812
