0 0.056250 0.357812 0.017188 0.009375
0 0.057813 0.589063 0.014063 0.007812
0 0.257812 0.720313 0.017188 0.006250
0 0.303125 0.517188 0.012500 0.007812
0 0.231250 0.576562 0.017188 0.010937
0 0.203125 0.892188 0.010937 0.012500
0 0.421875 0.301563 0.015625 0.009375
0 0.910937 0.057813 0.017188 0.007812
0 0.664062 0.185938 0.018750 0.010937
0 0.596875 0.335938 0.010937 0.006250
0 0.345313 0.714063 0.012500 0.012500
0 0.409375 0.096875 0.018750 0.010937
0 0.890625 0.671875 0.017188 0.009375
0 0.657813 0.490625 0.017188 0.009375
0 0.085938 0.337500 0.014063 0.006250
0 0.910937 0.131250 0.009375 0.012500
0 0.820312 0.900000 0.012500 0.009375
0 0.595313 0.165625 0.014063 0.009375
0 0.620313 0.709375 0.010937 0.007812
0 0.779687 0.882812 0.010937 0.012500
