0 0.579688 0.693750 0.010937 0.010937
0 0.532813 0.667188 0.018750 0.006250
0 0.790625 0.468750 0.009375 0.012500
0 0.825000 0.468750 0.012500 0.010937
0 0.415625 0.393750 0.009375 0.007812
0 0.123438 0.585938 0.012500 0.006250
0 0.907813 0.676562 0.017188 0.007812
0 0.687500 0.671875 0.012500 0.010937
0 0.157812 0.535937 0.018750 0.009375
0 0.368750 0.100000 0.010937 0.006250
0 0.514062 0.878125 0.009375 0.010937
0 0.242188 0.128125 0.014063 0.007812
0 0.898438 0.385937 0.015625 0.012500
0 0.954688 0.875000 0.010937 0.009375
0 0.257812 0.118750 0.015625 0.012500
0 0.654687 0.721875 0.010937 0.007812
0 0.917188 0.654687 0.014063 0.012500
0 0.903125 0.214062 0.017188 0.007812
0 0.854688 0.215625 0.014063 0.009375
0 0.356250 0.787500 0.014063 0.006250
