0 0.304688 0.926562 0.018750 0.009375
0 0.270313 0.478125 0.018750 0.006250
0 0.656250 0.526563 0.017188 0.012500
0 0.509375 0.032813 0.015625 0.006250
0 0.832812 0.764062 0.017188 0.010937
0 0.270313 0.403125 0.009375 0.012500
0 0.267188 0.493750 0.015625 0.009375
0 0.089063 0.557813 0.010937 0.007812
0 0.853125 0.445312 0.010937 0.009375
0 0.335938 0.453125 0.014063 0.007812
0 0.314063 0.387500 0.010937 0.007812
0 0.335938 0.135937 0.012500 0.007812
0 0.146875 0.420312 0.012500 0.009375
0 0.676562 0.923438 0.015625 0.012500
0 0.678125 0.626563 0.017188 0.010937
0 0.412500 0.031250 0.017188 0.012500
0 0.901563 0.089063 0.009375 0.007812
0 0.634375 0.418750 0.014063 0.010937
0 0.510938 0.756250 0.015625 0.006250
0 0.751563 0.423438 0.009375 0.006250
0 0.901563 0.276562 0.015625 0.007812
0 0.189062 0.859375 0.017188 0.010937
0 0.807813 0.650000 0.012500 0.012500
