0 0.887500 0.679688 0.015625 0.009375
0 0.498437 0.098437 0.015625 0.009375
0 0.307812 0.178125 0.010937 0.006250
0 0.507812 0.804688 0.014063 0.009375
0 0.514062 0.937500 0.018750 0.012500
0 0.707812 0.617188 0.015625 0.009375
0 0.592187 0.314063 0.017188 0.009375
0 0.043750 0.684375 0.012500 0.010937
0 0.660937 0.720313 0.014063 0.012500
0 0.796875 0.879687 0.014063 0.007812
0 0.465625 0.706250 0.012500 0.009375
0 0.567187 0.957812 0.009375 0.006250
0 0.506250 0.867188 0.018750 0.006250
0 0.845313 0.367188 0.012500 0.006250
0 0.742188 0.721875 0.014063 0.007812
0 0.293750 0.428125 0.009375 0.006250
0 0.393750 0.326562 0.015625 0.012500
0 0.193750 0.093750 0.010937 0.007812
0 0.835938 0.409375 0.010937 0.010937
0 0.103125 0.500000 0.010937 0.009375
0 0.529687 0.484375 0.012500 0.009375
0 0.329688 0.156250 0.015625 0.007812
0 0.760938 0.414062 0.015625 0.012500
0 0.073438 0.246875 0.017188 0.012500
0 0.310937 0.887500 0.014063 0.012500
0 0.417187 0.748437 0.018750 0.007812
0 0.623437 0.739062 0.018750 0.007812
0 0.415625 0.946875 0.017188 0.006250
0 0.325000 0.703125 0.012500 0.012500
