0 0.689063 0.070312 0.018750 0.010937
0 0.382812 0.078125 0.015625 0.009375
0 0.684375 0.301563 0.015625 0.010937
0 0.092188 0.250000 0.015625 0.007812
0 0.260937 0.412500 0.017188 0.009375
0 0.532813 0.412500 0.010937 0.012500
0 0.887500 0.345313 0.014063 0.012500
0 0.131250 0.473438 0.018750 0.010937
0 0.367188 0.590625 0.015625 0.009375
0 0.187500 0.114062 0.015625 0.007812
0 0.110937 0.101562 0.009375 0.010937
0 0.706250 0.546875 0.015625 0.007812
0 0.326562 0.150000 0.018750 0.012500
0 0.742188 0.464062 0.018750 0.009375
0 0.604688 0.814063 0.017188 0.006250
0 0.075000 0.823438 0.017188 0.007812
0 0.334375 0.918750 0.012500 0.009375
0 0.193750 0.581250 0.014063 0.009375
0 0.057813 0.170313 0.012500 0.012500
0 0.275000 0.500000 0.017188 0.007812
0 0.084375 0.576562 0.009375 0.007812
0 0.729688 0.118750 0.014063 0.012500
0 0.592187 0.637500 0.018750 0.007812
0 0.489063 0.881250 0.015625 0.012500
0 0.156250 0.723437 0.012500 0.012500
0 0.929688 0.543750 0.015625 0.006250
0 0.806250 0.650000 0.009375 0.006250
0 0.718750 0.412500 0.017188 0.007812
0 0.846875 0.450000 0.018750 0.010937
0 0.678125 0.806250 0.010937 0.010937
0 0.560937 0.956250 0.015625 0.007812
0 0.315625 0.510938 0.009375 0.010937
0 0.428125 0.267188 0.015625 0.012500
0 0.526563 0.554688 0.017188 0.012500
0 0.893750 0.093750 0.014063 0.006250
0 0.284375 0.190625 0.010937 0.006250
0 0.842187 0.459375 0.018750 0.007812
0 0.734375 0.501563 0.015625 0.007812
0 0.932813 0.776563 0.017188 0.006250
0 0.143750 0.364063 0.010937 0.006250
0 0.796875 0.921875 0.018750 0.007812
0 0.226562 0.318750 0.015625 0.006250
0 0.281250 0.601562 0.010937 0.006250
0 0.790625 0.710938 0.009375 0.006250
0 0.829688 0.539062 0.012500 0.006250
0 0.875000 0.450000 0.018750 0.010937
0 0.618750 0.796875 0.010937 0.010937
0 0.690625 0.807813 0.010937 0.007812
0 0.893750 0.082812 0.014063 0.010937
0 0.651563 0.687500 0.018750 0.009375
0 0.178125 0.253125 0.015625 0.009375
0 0.946875 0.807813 0.017188 0.006250
0 0.646875 0.384375 0.017188 0.006250
0 0.256250 0.571875 0.012500 0.009375
0 0.048438 0.918750 0.015625 0.012500
0 0.146875 0.496875 0.017188 0.010937
0 0.109375 0.260937 0.015625 0.007812
0 0.100000 0.434375 0.009375 0.009375
0 0.746875 0.429688 0.018750 0.012500
0 0.807813 0.921875 0.009375 0.012500
