0 0.620313 0.707812 0.009375 0.006250
0 0.964063 0.542188 0.012500 0.006250
0 0.381250 0.031250 0.012500 0.009375
0 0.135937 0.373437 0.015625 0.009375
0 0.620313 0.276562 0.014063 0.010937
0 0.742188 0.068750 0.014063 0.009375
0 0.262500 0.143750 0.012500 0.010937
0 0.432812 0.910937 0.018750 0.009375
0 0.312500 0.298438 0.018750 0.009375
0 0.740625 0.626563 0.014063 0.010937
0 0.876563 0.660937 0.009375 0.010937
0 0.907813 0.656250 0.014063 0.009375
0 0.468750 0.504687 0.010937 0.007812
0 0.273438 0.240625 0.009375 0.006250
0 0.690625 0.546875 0.018750 0.012500
0 0.300000 0.600000 0.014063 0.006250
0 0.185938 0.870313 0.010937 0.010937
0 0.876563 0.404687 0.010937 0.012500
0 0.609375 0.484375 0.017188 0.009375
0 0.829688 0.868750 0.018750 0.012500
0 0.190625 0.539062 0.015625 0.007812
0 0.257812 0.479687 0.014063 0.006250
0 0.207813 0.485938 0.015625 0.006250
0 0.035937 0.039062 0.018750 0.007812
0 0.846875 0.932813 0.009375 0.009375
0 0.085938 0.170313 0.017188 0.009375
0 0.443750 0.885938 0.017188 0.012500
