0 0.334375 0.035937 0.015625 0.007812
0 0.515625 0.050000 0.015625 0.006250
0 0.714063 0.914062 0.012500 0.012500
0 0.259375 0.521875 0.018750 0.010937
0 0.895312 0.287500 0.014063 0.012500
0 0.840625 0.400000 0.015625 0.009375
0 0.826562 0.440625 0.010937 0.006250
0 0.410938 0.378125 0.012500 0.009375
0 0.562500 0.528125 0.018750 0.010937
0 0.557813 0.368750 0.014063 0.012500
0 0.859375 0.651563 0.012500 0.007812
0 0.453125 0.373437 0.018750 0.009375
0 0.503125 0.350000 0.012500 0.009375
0 0.512500 0.546875 0.012500 0.010937
0 0.909375 0.885938 0.012500 0.007812
0 0.731250 0.570312 0.010937 0.006250
0 0.637500 0.153125 0.017188 0.007812
0 0.929688 0.795312 0.009375 0.010937
0 0.770312 0.304688 0.015625 0.009375
0 0.743750 0.710938 0.018750 0.009375
0 0.090625 0.103125 0.014063 0.012500
0 0.939063 0.660937 0.015625 0.009375
0 0.631250 0.468750 0.015625 0.006250
0 0.884375 0.400000 0.017188 0.012500
0 0.626563 0.543750 0.009375 0.012500
0 0.068750 0.734375 0.014063 0.006250
0 0.064062 0.632812 0.018750 0.010937
0 0.762500 0.854688 0.010937 0.006250
0 0.471875 0.837500 0.010937 0.010937
0 0.496875 0.532813 0.017188 0.012500
0 0.353125 0.935937 0.014063 0.010937
0 0.303125 0.525000 0.017188 0.007812
0 0.482812 0.081250 0.012500 0.012500
0 0.482812 0.668750 0.014063 0.012500
0 0.678125 0.507812 0.018750 0.010937
