0 0.628125 0.570312 0.017188 0.006250
0 0.892188 0.353125 0.018750 0.012500
0 0.451562 0.467187 0.014063 0.010937
0 0.260937 0.937500 0.015625 0.010937
0 0.035937 0.735938 0.012500 0.007812
0 0.065625 0.901563 0.018750 0.007812
0 0.198437 0.351562 0.017188 0.009375
0 0.229687 0.398438 0.017188 0.007812
0 0.237500 0.032813 0.018750 0.007812
0 0.606250 0.500000 0.018750 0.012500
0 0.240625 0.768750 0.012500 0.010937
0 0.432812 0.335938 0.014063 0.006250
0 0.737500 0.259375 0.010937 0.012500
0 0.454688 0.118750 0.014063 0.009375
0 0.687500 0.768750 0.014063 0.007812
0 0.417187 0.762500 0.012500 0.006250
0 0.373437 0.506250 0.014063 0.007812
0 0.481250 0.553125 0.015625 0.007812
0 0.714063 0.143750 0.017188 0.007812
0 0.882812 0.621875 0.012500 0.009375
0 0.915625 0.798438 0.015625 0.012500
0 0.201563 0.306250 0.010937 0.010937
0 0.754687 0.720313 0.017188 0.006250
0 0.307812 0.728125 0.018750 0.010937
0 0.304688 0.521875 0.010937 0.009375
0 0.075000 0.135937 0.010937 0.010937
0 0.592187 0.682813 0.015625 0.006250
0 0.435937 0.101562 0.014063 0.006250
0 0.731250 0.545312 0.012500 0.006250
0 0.435937 0.581250 0.015625 0.006250
0 0.625000 0.425000 0.015625 0.007812
0 0.820312 0.890625 0.015625 0.012500
0 0.853125 0.193750 0.010937 0.012500
0 0.279687 0.229687 0.012500 0.012500
0 0.465625 0.628125 0.017188 0.010937
0 0.953125 0.881250 0.015625 0.012500
0 0.960938 0.231250 0.018750 0.012500
0 0.785937 0.109375 0.014063 0.007812
0 0.668750 0.104688 0.009375 0.012500
0 0.937500 0.317188 0.015625 0.012500
0 0.570312 0.154688 0.018750 0.010937
0 0.728125 0.568750 0.012500 0.009375
