0 0.692187 0.348438 0.014063 0.010937
0 0.782813 0.095312 0.012500 0.006250
0 0.729688 0.368750 0.018750 0.009375
0 0.034375 0.395313 0.012500 0.012500
0 0.775000 0.121875 0.015625 0.010937
0 0.684375 0.195312 0.009375 0.007812
0 0.600000 0.529687 0.014063 0.012500
0 0.120313 0.884375 0.017188 0.010937
0 0.404687 0.115625 0.018750 0.012500
0 0.285938 0.321875 0.009375 0.010937
0 0.800000 0.898438 0.017188 0.009375
0 0.257812 0.376563 0.012500 0.009375
0 0.195312 0.453125 0.014063 0.007812
0 0.943750 0.507812 0.017188 0.009375
0 0.075000 0.307812 0.012500 0.009375
0 0.959375 0.867188 0.017188 0.010937
0 0.250000 0.681250 0.009375 0.012500
0 0.490625 0.457813 0.017188 0.009375
0 0.123438 0.339062 0.012500 0.009375
0 0.092188 0.151562 0.017188 0.010937
0 0.954688 0.607812 0.012500 0.007812
0 0.659375 0.071875 0.009375 0.006250
0 0.526563 0.420312 0.015625 0.010937
0 0.114062 0.142187 0.017188 0.010937
0 0.284375 0.607812 0.018750 0.006250
0 0.940625 0.173437 0.009375 0.010937
0 0.650000 0.640625 0.014063 0.009375
0 0.550000 0.404687 0.009375 0.010937
0 0.560937 0.604688 0.010937 0.009375
0 0.662500 0.832812 0.009375 0.009375
0 0.696875 0.770312 0.014063 0.009375
0 0.248438 0.217188 0.010937 0.012500
0 0.610938 0.671875 0.017188 0.010937
0 0.260937 0.346875 0.012500 0.010937
0 0.210938 0.481250 0.018750 0.010937
0 0.382812 0.614062 0.010937 0.006250
0 0.368750 0.910937 0.014063 0.009375
0 0.898438 0.060937 0.010937 0.007812
0 0.931250 0.073438 0.009375 0.010937
0 0.825000 0.715625 0.014063 0.009375
0 0.606250 0.365625 0.010937 0.006250
0 0.898438 0.531250 0.017188 0.007812
0 0.429688 0.889062 0.018750 0.006250
0 0.287500 0.550000 0.012500 0.007812
0 0.381250 0.256250 0.017188 0.012500
0 0.034375 0.482812 0.017188 0.007812
0 0.410938 0.246875 0.017188 0.009375
0 0.223438 0.275000 0.009375 0.010937
0 0.706250 0.776563 0.009375 0.007812
0 0.462500 0.885938 0.009375 0.009375
0 0.107813 0.579688 0.014063 0.009375
0 0.660937 0.890625 0.009375 0.007812
0 0.806250 0.684375 0.009375 0.012500
0 0.807813 0.710938 0.015625 0.007812
0 0.064062 0.739062 0.017188 0.010937
0 0.185938 0.304688 0.018750 0.006250
0 0.356250 0.298438 0.014063 0.006250
0 0.159375 0.632812 0.017188 0.012500
0 0.951562 0.710938 0.014063 0.007812
0 0.135937 0.067187 0.010937 0.006250
0 0.345313 0.900000 0.017188 0.006250
0 0.623437 0.501563 0.015625 0.006250
0 0.268750 0.343750 0.012500 0.012500
0 0.510938 0.537500 0.018750 0.006250
0 0.720313 0.295312 0.015625 0.012500
0 0.267188 0.893750 0.017188 0.006250
0 0.712500 0.076563 0.012500 0.007812
0 0.892188 0.512500 0.018750 0.012500
0 0.576562 0.545312 0.017188 0.010937
0 0.881250 0.614062 0.014063 0.009375
0 0.212500 0.765625 0.010937 0.007812
0 0.704688 0.739062 0.017188 0.012500
0 0.725000 0.126562 0.017188 0.012500
0 0.879687 0.643750 0.018750 0.012500
0 0.237500 0.612500 0.017188 0.010937
0 0.031250 0.570312 0.017188 0.012500
