0 0.132812 0.595313 0.017188 0.006250
0 0.734375 0.770312 0.010937 0.009375
0 0.657813 0.731250 0.014063 0.007812
0 0.439063 0.926562 0.017188 0.006250
0 0.414062 0.735938 0.014063 0.012500
0 0.725000 0.934375 0.012500 0.006250
0 0.484375 0.831250 0.010937 0.010937
0 0.639062 0.151562 0.010937 0.010937
0 0.931250 0.709375 0.010937 0.012500
0 0.248438 0.437500 0.014063 0.012500
0 0.768750 0.140625 0.014063 0.012500
0 0.112500 0.932813 0.009375 0.012500
0 0.360938 0.817187 0.017188 0.012500
0 0.676562 0.785937 0.009375 0.009375
0 0.864062 0.918750 0.012500 0.012500
0 0.751563 0.501563 0.012500 0.012500
0 0.546875 0.204687 0.017188 0.009375
0 0.489063 0.187500 0.018750 0.007812
0 0.903125 0.193750 0.012500 0.012500
