0 0.093750 0.756250 0.010937 0.006250
0 0.839063 0.720313 0.017188 0.009375
0 0.051562 0.809375 0.015625 0.009375
0 0.689063 0.265625 0.012500 0.009375
0 0.668750 0.192188 0.014063 0.007812
0 0.621875 0.162500 0.010937 0.007812
0 0.631250 0.820312 0.014063 0.012500
0 0.614062 0.440625 0.015625 0.010937
0 0.554688 0.146875 0.015625 0.012500
0 0.035937 0.081250 0.018750 0.009375
0 0.184375 0.131250 0.014063 0.010937
0 0.146875 0.162500 0.010937 0.006250
0 0.340625 0.556250 0.012500 0.007812
0 0.034375 0.650000 0.014063 0.006250
0 0.164062 0.565625 0.010937 0.009375
0 0.831250 0.239063 0.015625 0.006250
0 0.079687 0.729688 0.015625 0.006250
0 0.881250 0.043750 0.015625 0.007812
0 0.457813 0.787500 0.014063 0.006250
0 0.098437 0.031250 0.012500 0.006250
