0 0.865625 0.864062 0.012500 0.012500
0 0.396875 0.056250 0.015625 0.009375
0 0.095312 0.673438 0.018750 0.009375
0 0.045312 0.889062 0.012500 0.007812
0 0.840625 0.443750 0.015625 0.009375
0 0.845313 0.779687 0.015625 0.006250
0 0.759375 0.626563 0.018750 0.006250
0 0.085938 0.050000 0.017188 0.010937
0 0.132812 0.773438 0.012500 0.012500
0 0.690625 0.593750 0.017188 0.006250
0 0.096875 0.378125 0.012500 0.009375
0 0.404687 0.481250 0.015625 0.010937
0 0.526563 0.846875 0.015625 0.009375
0 0.059375 0.067187 0.012500 0.010937
0 0.345313 0.710938 0.012500 0.010937
0 0.926562 0.957812 0.012500 0.012500
0 0.039062 0.245312 0.012500 0.010937
0 0.893750 0.318750 0.010937 0.007812
0 0.762500 0.034375 0.017188 0.009375
0 0.900000 0.815625 0.009375 0.009375
0 0.932813 0.667188 0.014063 0.010937
0 0.539062 0.378125 0.015625 0.009375
0 0.798438 0.129688 0.014063 0.012500
0 0.106250 0.246875 0.017188 0.010937
0 0.706250 0.471875 0.009375 0.010937
0 0.789062 0.607812 0.012500 0.009375
0 0.520312 0.862500 0.010937 0.012500
0 0.215625 0.412500 0.012500 0.009375
0 0.528125 0.709375 0.012500 0.010937
0 0.157812 0.532813 0.014063 0.010937
0 0.760938 0.165625 0.012500 0.009375
0 0.951562 0.731250 0.009375 0.010937
0 0.085938 0.431250 0.010937 0.009375
0 0.684375 0.440625 0.018750 0.012500
0 0.635938 0.443750 0.010937 0.009375
0 0.651563 0.304688 0.018750 0.010937
0 0.895312 0.067187 0.009375 0.006250
0 0.860938 0.829688 0.012500 0.012500
0 0.759375 0.739062 0.009375 0.007812
