0 0.631250 0.948438 0.015625 0.006250
0 0.728125 0.239063 0.015625 0.006250
0 0.337500 0.203125 0.009375 0.012500
0 0.264062 0.935937 0.018750 0.009375
0 0.515625 0.621875 0.017188 0.010937
0 0.690625 0.543750 0.010937 0.012500
0 0.207813 0.145313 0.014063 0.009375
0 0.231250 0.821875 0.012500 0.009375
0 0.965625 0.884375 0.012500 0.010937
0 0.143750 0.809375 0.009375 0.006250
0 0.337500 0.726562 0.012500 0.010937
0 0.157812 0.778125 0.015625 0.006250
0 0.440625 0.054688 0.009375 0.006250
0 0.401562 0.753125 0.018750 0.010937
0 0.953125 0.473438 0.012500 0.009375
0 0.428125 0.500000 0.009375 0.010937
0 0.628125 0.226562 0.014063 0.006250
0 0.964063 0.382812 0.018750 0.006250
0 0.892188 0.114062 0.018750 0.010937
0 0.870313 0.603125 0.012500 0.012500
0 0.593750 0.864062 0.012500 0.012500
0 0.585938 0.451562 0.014063 0.006250
0 0.082812 0.303125 0.010937 0.009375
0 0.582812 0.618750 0.009375 0.012500
0 0.200000 0.142187 0.009375 0.006250
0 0.475000 0.542188 0.010937 0.010937
0 0.115625 0.539062 0.010937 0.009375
0 0.235937 0.900000 0.015625 0.007812
0 0.401562 0.746875 0.012500 0.010937
0 0.804688 0.546875 0.010937 0.012500
0 0.884375 0.837500 0.018750 0.009375
0 0.748437 0.334375 0.015625 0.012500
0 0.692187 0.485938 0.014063 0.007812
0 0.301563 0.762500 0.014063 0.012500
0 0.170313 0.031250 0.010937 0.010937
0 0.520312 0.493750 0.015625 0.009375
0 0.843750 0.857812 0.015625 0.010937
0 0.059375 0.160938 0.009375 0.010937
0 0.289062 0.090625 0.014063 0.009375
0 0.889062 0.917188 0.010937 0.006250
0 0.179688 0.843750 0.012500 0.010937
0 0.793750 0.226562 0.012500 0.007812
0 0.628125 0.457813 0.018750 0.007812
0 0.887500 0.612500 0.009375 0.007812
0 0.064062 0.225000 0.010937 0.012500
