0 0.742188 0.223438 0.015625 0.009375
0 0.515625 0.489063 0.017188 0.010937
0 0.884375 0.445312 0.009375 0.009375
0 0.384375 0.737500 0.010937 0.012500
0 0.126562 0.471875 0.010937 0.010937
0 0.748437 0.698438 0.012500 0.010937
0 0.053125 0.676562 0.018750 0.010937
0 0.426563 0.895312 0.018750 0.010937
0 0.231250 0.329688 0.017188 0.009375
0 0.757812 0.745313 0.009375 0.010937
0 0.885938 0.332813 0.012500 0.010937
0 0.159375 0.707812 0.010937 0.007812
0 0.226562 0.871875 0.015625 0.007812
0 0.435937 0.365625 0.014063 0.012500
0 0.237500 0.612500 0.010937 0.012500
0 0.423438 0.354687 0.010937 0.012500
0 0.642188 0.035937 0.012500 0.012500
0 0.581250 0.856250 0.015625 0.010937
0 0.610938 0.709375 0.009375 0.009375
0 0.171875 0.528125 0.015625 0.009375
0 0.039062 0.171875 0.014063 0.006250
0 0.257812 0.903125 0.012500 0.010937
0 0.748437 0.714063 0.009375 0.006250
0 0.139063 0.787500 0.012500 0.010937
0 0.451562 0.223438 0.012500 0.012500
0 0.728125 0.850000 0.018750 0.009375
0 0.595313 0.926562 0.012500 0.010937
0 0.262500 0.700000 0.010937 0.010937
0 0.939063 0.481250 0.015625 0.007812
0 0.342187 0.723437 0.018750 0.006250
0 0.248438 0.034375 0.010937 0.009375
0 0.615625 0.192188 0.010937 0.010937
0 0.112500 0.045312 0.018750 0.009375
0 0.414062 0.225000 0.018750 0.007812
0 0.562500 0.335938 0.010937 0.010937
0 0.218750 0.076563 0.018750 0.010937
0 0.453125 0.035937 0.014063 0.006250
0 0.801562 0.271875 0.012500 0.006250
0 0.826562 0.207813 0.015625 0.009375
0 0.428125 0.120313 0.018750 0.006250
0 0.807813 0.189062 0.009375 0.006250
0 0.359375 0.829688 0.014063 0.009375
0 0.712500 0.817187 0.017188 0.007812
