0 0.292187 0.589063 0.012500 0.009375
0 0.742188 0.529687 0.012500 0.007812
0 0.889062 0.823438 0.014063 0.007812
0 0.264062 0.662500 0.012500 0.010937
0 0.187500 0.839063 0.017188 0.012500
0 0.779687 0.540625 0.010937 0.006250
0 0.089063 0.487500 0.014063 0.006250
0 0.659375 0.809375 0.009375 0.009375
0 0.853125 0.456250 0.009375 0.007812
0 0.635938 0.723437 0.010937 0.010937
0 0.039062 0.089063 0.010937 0.006250
0 0.375000 0.064062 0.014063 0.010937
0 0.375000 0.084375 0.014063 0.009375
0 0.595313 0.609375 0.015625 0.012500
0 0.528125 0.610938 0.017188 0.007812
0 0.407813 0.596875 0.015625 0.009375
