0 0.295312 0.425000 0.014063 0.009375
0 0.159375 0.145313 0.015625 0.006250
0 0.860938 0.482812 0.015625 0.007812
0 0.514062 0.357812 0.017188 0.012500
0 0.639062 0.331250 0.012500 0.007812
0 0.182812 0.032813 0.009375 0.009375
0 0.762500 0.078125 0.015625 0.012500
0 0.037500 0.637500 0.010937 0.009375
0 0.135937 0.796875 0.009375 0.010937
0 0.718750 0.889062 0.010937 0.012500
0 0.370312 0.675000 0.017188 0.007812
0 0.246875 0.203125 0.014063 0.012500
0 0.500000 0.832812 0.012500 0.006250
0 0.707812 0.426563 0.012500 0.012500
0 0.653125 0.278125 0.018750 0.012500
0 0.417187 0.121875 0.018750 0.012500
0 0.378125 0.284375 0.014063 0.007812
0 0.154688 0.298438 0.014063 0.010937
0 0.556250 0.864062 0.010937 0.009375
0 0.185938 0.629687 0.017188 0.012500
0 0.540625 0.610938 0.009375 0.012500
0 0.528125 0.701562 0.009375 0.006250
0 0.187500 0.237500 0.017188 0.006250
0 0.400000 0.457813 0.017188 0.006250
0 0.790625 0.487500 0.018750 0.006250
0 0.267188 0.034375 0.017188 0.010937
0 0.154688 0.242188 0.012500 0.007812
0 0.228125 0.265625 0.014063 0.009375
0 0.532813 0.562500 0.017188 0.007812
0 0.068750 0.379688 0.015625 0.006250
0 0.346875 0.645312 0.010937 0.007812
0 0.178125 0.489063 0.009375 0.010937
0 0.523438 0.782813 0.018750 0.006250
0 0.876563 0.475000 0.018750 0.012500
0 0.939063 0.292187 0.009375 0.007812
0 0.773438 0.450000 0.017188 0.006250
0 0.818750 0.320312 0.009375 0.012500
0 0.232813 0.684375 0.015625 0.010937
0 0.642188 0.275000 0.018750 0.010937
0 0.801562 0.112500 0.010937 0.007812
0 0.495312 0.856250 0.009375 0.010937
0 0.523438 0.925000 0.014063 0.012500
0 0.228125 0.445312 0.015625 0.010937
0 0.520312 0.601562 0.010937 0.007812
0 0.696875 0.325000 0.014063 0.009375
0 0.043750 0.662500 0.015625 0.010937
0 0.400000 0.587500 0.009375 0.012500
0 0.456250 0.945312 0.015625 0.009375
0 0.354687 0.751563 0.012500 0.010937
