0 0.795312 0.889062 0.018750 0.006250
0 0.912500 0.276562 0.014063 0.006250
0 0.623437 0.328125 0.015625 0.006250
0 0.496875 0.534375 0.014063 0.010937
0 0.254688 0.803125 0.012500 0.007812
0 0.243750 0.946875 0.010937 0.007812
0 0.531250 0.459375 0.017188 0.007812
0 0.298438 0.648438 0.012500 0.006250
0 0.240625 0.798438 0.014063 0.012500
0 0.390625 0.296875 0.014063 0.012500
0 0.373437 0.357812 0.012500 0.009375
0 0.739062 0.312500 0.012500 0.012500
0 0.542188 0.617188 0.018750 0.006250
0 0.529687 0.148438 0.009375 0.010937
0 0.073438 0.757812 0.015625 0.010937
0 0.309375 0.435937 0.010937 0.010937
0 0.637500 0.076563 0.009375 0.006250
0 0.587500 0.876563 0.012500 0.009375
0 0.167187 0.604688 0.018750 0.007812
0 0.785937 0.445312 0.010937 0.006250
0 0.604688 0.095312 0.015625 0.012500
0 0.825000 0.387500 0.018750 0.009375
0 0.820312 0.040625 0.015625 0.009375
0 0.135937 0.492188 0.009375 0.010937
0 0.882812 0.482812 0.012500 0.007812
0 0.176563 0.951562 0.017188 0.009375
0 0.504687 0.606250 0.009375 0.010937
0 0.939063 0.639062 0.017188 0.009375
0 0.803125 0.417187 0.012500 0.007812
0 0.256250 0.945312 0.009375 0.006250
0 0.901563 0.881250 0.012500 0.007812
0 0.700000 0.509375 0.018750 0.012500
0 0.182812 0.585938 0.015625 0.007812
0 0.823438 0.653125 0.012500 0.007812
0 0.920312 0.034375 0.010937 0.007812
0 0.046875 0.695312 0.012500 0.009375
0 0.450000 0.757812 0.018750 0.007812
0 0.237500 0.654687 0.015625 0.009375
0 0.792188 0.418750 0.014063 0.006250
0 0.123438 0.446875 0.017188 0.007812
0 0.756250 0.359375 0.009375 0.010937
0 0.132812 0.059375 0.010937 0.006250
0 0.443750 0.134375 0.015625 0.009375
0 0.610938 0.856250 0.014063 0.010937
0 0.462500 0.120313 0.014063 0.007812
0 0.232813 0.628125 0.014063 0.009375
0 0.787500 0.385937 0.012500 0.012500
0 0.782813 0.045312 0.017188 0.007812
0 0.389062 0.745313 0.015625 0.007812
0 0.675000 0.751563 0.018750 0.012500
0 0.796875 0.164062 0.014063 0.009375
0 0.389062 0.148438 0.009375 0.007812
0 0.884375 0.401562 0.009375 0.012500
0 0.296875 0.784375 0.015625 0.010937
0 0.084375 0.448437 0.012500 0.012500
0 0.420312 0.778125 0.009375 0.007812
0 0.312500 0.495312 0.017188 0.009375
0 0.317188 0.382812 0.018750 0.010937
0 0.257812 0.953125 0.009375 0.007812
0 0.604688 0.942187 0.018750 0.007812
0 0.775000 0.129688 0.012500 0.010937
0 0.882812 0.675000 0.015625 0.006250
0 0.453125 0.353125 0.014063 0.006250
0 0.432812 0.403125 0.012500 0.012500
0 0.289062 0.176563 0.009375 0.012500
0 0.117188 0.640625 0.018750 0.006250
0 0.492188 0.603125 0.012500 0.012500
0 0.106250 0.171875 0.018750 0.010937
0 0.751563 0.620313 0.017188 0.006250
0 0.448437 0.620313 0.012500 0.012500
0 0.314063 0.059375 0.014063 0.010937
