0 0.700000 0.750000 0.018750 0.012500
0 0.245312 0.639062 0.012500 0.010937
0 0.326562 0.200000 0.017188 0.007812
0 0.418750 0.390625 0.012500 0.010937
0 0.234375 0.907813 0.017188 0.006250
0 0.121875 0.335938 0.012500 0.012500
0 0.362500 0.700000 0.018750 0.006250
0 0.651563 0.859375 0.009375 0.010937
0 0.664062 0.143750 0.009375 0.006250
0 0.639062 0.559375 0.017188 0.012500
0 0.290625 0.093750 0.009375 0.007812
0 0.225000 0.060937 0.009375 0.007812
0 0.698438 0.365625 0.010937 0.009375
0 0.240625 0.779687 0.017188 0.007812
0 0.167187 0.495312 0.017188 0.009375
0 0.632812 0.498437 0.009375 0.009375
0 0.595313 0.668750 0.015625 0.006250
0 0.660937 0.810937 0.010937 0.009375
0 0.139063 0.689063 0.009375 0.012500
0 0.170313 0.554688 0.009375 0.010937
0 0.489063 0.704688 0.009375 0.007812
0 0.314063 0.646875 0.014063 0.009375
0 0.809375 0.178125 0.017188 0.006250
0 0.762500 0.476562 0.014063 0.010937
0 0.475000 0.473438 0.017188 0.006250
0 0.170313 0.348438 0.012500 0.007812
0 0.631250 0.326562 0.017188 0.009375
0 0.346875 0.175000 0.012500 0.009375
0 0.210938 0.160938 0.014063 0.010937
0 0.739062 0.909375 0.010937 0.010937
0 0.270313 0.262500 0.014063 0.007812
0 0.603125 0.475000 0.017188 0.010937
0 0.445312 0.846875 0.010937 0.012500
0 0.518750 0.640625 0.009375 0.006250
0 0.909375 0.525000 0.018750 0.006250
0 0.356250 0.426563 0.018750 0.010937
0 0.660937 0.640625 0.014063 0.007812
0 0.473438 0.153125 0.017188 0.006250
0 0.301563 0.656250 0.014063 0.012500
0 0.101562 0.645312 0.010937 0.010937
0 0.653125 0.359375 0.017188 0.012500
0 0.800000 0.889062 0.009375 0.010937
0 0.825000 0.664062 0.014063 0.010937
0 0.696875 0.345313 0.017188 0.006250
0 0.164062 0.684375 0.012500 0.010937
0 0.409375 0.396875 0.018750 0.010937
0 0.081250 0.300000 0.015625 0.010937
