0 0.656250 0.064062 0.009375 0.007812
0 0.685937 0.925000 0.017188 0.012500
0 0.400000 0.900000 0.015625 0.007812
0 0.885938 0.606250 0.018750 0.010937
0 0.760938 0.498437 0.017188 0.010937
0 0.059375 0.289062 0.009375 0.006250
0 0.493750 0.621875 0.018750 0.006250
0 0.840625 0.328125 0.012500 0.006250
0 0.345313 0.900000 0.018750 0.006250
0 0.806250 0.856250 0.018750 0.012500
0 0.842187 0.664062 0.018750 0.012500
0 0.210938 0.862500 0.017188 0.012500
0 0.379688 0.440625 0.009375 0.007812
0 0.945312 0.373437 0.015625 0.006250
0 0.656250 0.909375 0.018750 0.010937
0 0.948438 0.751563 0.012500 0.010937
0 0.759375 0.495312 0.010937 0.006250
0 0.942187 0.634375 0.015625 0.006250
0 0.523438 0.079687 0.017188 0.010937
0 0.528125 0.837500 0.017188 0.010937
0 0.070312 0.496875 0.017188 0.012500
0 0.656250 0.895312 0.017188 0.009375
0 0.517188 0.828125 0.017188 0.009375
0 0.129688 0.879687 0.015625 0.010937
0 0.775000 0.215625 0.015625 0.006250
0 0.762500 0.568750 0.010937 0.006250
0 0.121875 0.384375 0.018750 0.010937
0 0.185938 0.300000 0.017188 0.012500
0 0.237500 0.954688 0.017188 0.007812
0 0.912500 0.850000 0.010937 0.010937
0 0.703125 0.204687 0.015625 0.006250
0 0.951562 0.668750 0.017188 0.010937
0 0.876563 0.110937 0.018750 0.006250
0 0.896875 0.535937 0.012500 0.010937
0 0.267188 0.334375 0.014063 0.010937
0 0.109375 0.781250 0.015625 0.007812
0 0.317188 0.764062 0.009375 0.009375
0 0.912500 0.506250 0.010937 0.007812
0 0.817187 0.568750 0.015625 0.009375
0 0.173437 0.918750 0.009375 0.010937
0 0.892188 0.357812 0.010937 0.006250
0 0.814063 0.810937 0.017188 0.009375
0 0.757812 0.721875 0.009375 0.007812
0 0.487500 0.115625 0.012500 0.012500
0 0.642188 0.564063 0.009375 0.006250
0 0.568750 0.137500 0.018750 0.007812
0 0.206250 0.112500 0.018750 0.010937
0 0.156250 0.296875 0.009375 0.012500
0 0.526563 0.771875 0.018750 0.009375
0 0.773438 0.265625 0.010937 0.010937
0 0.412500 0.968750 0.017188 0.009375
0 0.910937 0.348438 0.012500 0.012500
0 0.773438 0.828125 0.017188 0.010937
0 0.054688 0.595313 0.018750 0.006250
0 0.440625 0.478125 0.014063 0.007812
0 0.801562 0.495312 0.018750 0.012500
0 0.554688 0.626563 0.017188 0.007812
0 0.817187 0.679688 0.014063 0.006250
