0 0.967187 0.062500 0.014063 0.010937
0 0.639062 0.340625 0.017188 0.009375
0 0.278125 0.473438 0.018750 0.007812
0 0.773438 0.090625 0.017188 0.007812
0 0.951562 0.207813 0.009375 0.006250
0 0.485938 0.675000 0.009375 0.010937
0 0.739062 0.364063 0.018750 0.006250
0 0.251563 0.371875 0.017188 0.012500
0 0.176563 0.279687 0.010937 0.010937
0 0.931250 0.779687 0.015625 0.009375
0 0.101562 0.795312 0.014063 0.006250
0 0.454688 0.079687 0.009375 0.009375
0 0.529687 0.803125 0.012500 0.012500
0 0.732812 0.342187 0.014063 0.007812
0 0.171875 0.770312 0.018750 0.009375
0 0.062500 0.084375 0.018750 0.006250
0 0.082812 0.903125 0.017188 0.009375
0 0.862500 0.090625 0.015625 0.010937
0 0.693750 0.112500 0.014063 0.009375
