0 0.335938 0.082812 0.012500 0.010937
0 0.814063 0.535937 0.017188 0.006250
0 0.946875 0.320312 0.014063 0.006250
0 0.112500 0.906250 0.017188 0.006250
0 0.178125 0.140625 0.017188 0.009375
0 0.232813 0.801562 0.014063 0.007812
0 0.234375 0.898438 0.009375 0.006250
0 0.634375 0.090625 0.010937 0.012500
0 0.909375 0.615625 0.014063 0.010937
0 0.637500 0.446875 0.014063 0.006250
0 0.376563 0.920312 0.018750 0.009375
0 0.875000 0.637500 0.015625 0.010937
0 0.142187 0.870313 0.012500 0.007812
0 0.667188 0.059375 0.014063 0.010937
0 0.690625 0.475000 0.009375 0.007812
0 0.628125 0.264062 0.017188 0.007812
0 0.760938 0.560937 0.018750 0.009375
