0 0.828125 0.506250 0.014063 0.012500
0 0.809375 0.221875 0.017188 0.007812
0 0.237500 0.753125 0.015625 0.006250
0 0.737500 0.039062 0.014063 0.012500
0 0.482812 0.087500 0.014063 0.010937
0 0.031250 0.776563 0.017188 0.012500
0 0.429688 0.087500 0.015625 0.006250
0 0.087500 0.801562 0.012500 0.009375
0 0.645312 0.789062 0.009375 0.006250
0 0.521875 0.968750 0.018750 0.010937
0 0.342187 0.504687 0.017188 0.007812
0 0.959375 0.900000 0.010937 0.010937
0 0.746875 0.312500 0.014063 0.010937
0 0.550000 0.212500 0.009375 0.010937
0 0.548438 0.781250 0.015625 0.007812
0 0.551562 0.371875 0.014063 0.007812
0 0.889062 0.448437 0.010937 0.010937
0 0.070312 0.679688 0.014063 0.010937
0 0.609375 0.082812 0.015625 0.010937
0 0.821875 0.557813 0.014063 0.010937
0 0.957812 0.335938 0.015625 0.010937
0 0.614062 0.789062 0.017188 0.010937
0 0.750000 0.667188 0.009375 0.009375
0 0.660937 0.518750 0.015625 0.010937
0 0.806250 0.685937 0.014063 0.010937
0 0.706250 0.409375 0.018750 0.006250
0 0.350000 0.860938 0.015625 0.009375
0 0.537500 0.618750 0.012500 0.012500
0 0.942187 0.742188 0.010937 0.006250
0 0.939063 0.312500 0.012500 0.006250
0 0.128125 0.332813 0.012500 0.010937
0 0.201563 0.567187 0.018750 0.009375
0 0.895312 0.040625 0.010937 0.009375
0 0.504687 0.762500 0.012500 0.010937
0 0.828125 0.223438 0.018750 0.012500
0 0.364063 0.432812 0.009375 0.006250
0 0.840625 0.215625 0.015625 0.010937
0 0.053125 0.260937 0.018750 0.010937
0 0.112500 0.810937 0.009375 0.012500
0 0.821875 0.281250 0.018750 0.010937
0 0.493750 0.639062 0.009375 0.010937
0 0.684375 0.757812 0.015625 0.007812
0 0.503125 0.500000 0.017188 0.006250
0 0.950000 0.643750 0.015625 0.007812
0 0.765625 0.664062 0.018750 0.006250
0 0.642188 0.040625 0.010937 0.009375
0 0.907813 0.065625 0.018750 0.012500
0 0.628125 0.567187 0.017188 0.007812
0 0.115625 0.593750 0.017188 0.009375
0 0.857812 0.901563 0.018750 0.009375
0 0.420312 0.126562 0.012500 0.007812
0 0.817187 0.420312 0.010937 0.006250
0 0.132812 0.606250 0.009375 0.010937
0 0.503125 0.220312 0.010937 0.012500
0 0.057813 0.604688 0.012500 0.007812
0 0.039062 0.840625 0.017188 0.009375
0 0.150000 0.396875 0.018750 0.006250
0 0.296875 0.795312 0.015625 0.010937
0 0.909375 0.157812 0.009375 0.009375
0 0.415625 0.892188 0.018750 0.006250
0 0.070312 0.289062 0.017188 0.006250
0 0.070312 0.565625 0.012500 0.009375
0 0.450000 0.221875 0.017188 0.012500
0 0.429688 0.604688 0.014063 0.012500
0 0.600000 0.825000 0.009375 0.006250
0 0.232813 0.223438 0.010937 0.010937
0 0.125000 0.470313 0.010937 0.006250
0 0.829688 0.531250 0.014063 0.012500
0 0.851562 0.209375 0.010937 0.006250
0 0.118750 0.954688 0.009375 0.010937
0 0.031250 0.789062 0.017188 0.012500
0 0.382812 0.145313 0.010937 0.007812
