0 0.775000 0.437500 0.017188 0.009375
0 0.721875 0.096875 0.015625 0.012500
0 0.760938 0.267188 0.014063 0.012500
0 0.514062 0.559375 0.014063 0.012500
0 0.601562 0.339062 0.015625 0.010937
0 0.598437 0.487500 0.012500 0.009375
0 0.226562 0.737500 0.012500 0.007812
0 0.481250 0.459375 0.018750 0.009375
0 0.923438 0.615625 0.009375 0.009375
0 0.212500 0.307812 0.009375 0.007812
0 0.835938 0.396875 0.017188 0.007812
0 0.231250 0.284375 0.009375 0.006250
0 0.276562 0.725000 0.010937 0.010937
0 0.690625 0.812500 0.010937 0.009375
0 0.446875 0.535937 0.018750 0.006250
0 0.354687 0.078125 0.014063 0.010937
0 0.515625 0.860938 0.014063 0.007812
0 0.932813 0.185938 0.012500 0.012500
0 0.271875 0.714063 0.017188 0.012500
0 0.198437 0.854688 0.015625 0.009375
0 0.965625 0.343750 0.009375 0.009375
0 0.200000 0.848437 0.012500 0.012500
0 0.343750 0.460938 0.017188 0.009375
0 0.768750 0.460938 0.017188 0.010937
0 0.923438 0.450000 0.009375 0.009375
0 0.084375 0.403125 0.014063 0.012500
0 0.146875 0.578125 0.014063 0.012500
0 0.429688 0.868750 0.018750 0.010937
0 0.467187 0.785937 0.012500 0.010937
0 0.464062 0.910937 0.012500 0.006250
0 0.718750 0.878125 0.009375 0.012500
0 0.962500 0.262500 0.018750 0.012500
0 0.428125 0.473438 0.009375 0.009375
0 0.321875 0.593750 0.014063 0.007812
0 0.879687 0.715625 0.010937 0.012500
0 0.423438 0.625000 0.015625 0.006250
0 0.451562 0.229687 0.018750 0.012500
0 0.128125 0.056250 0.018750 0.007812
0 0.064062 0.171875 0.017188 0.007812
0 0.293750 0.840625 0.009375 0.009375
0 0.901563 0.217188 0.015625 0.009375
0 0.814063 0.393750 0.009375 0.010937
0 0.815625 0.564063 0.017188 0.010937
0 0.220312 0.626563 0.010937 0.007812
0 0.726562 0.146875 0.017188 0.010937
0 0.373437 0.146875 0.017188 0.012500
0 0.584375 0.281250 0.009375 0.006250
0 0.068750 0.231250 0.018750 0.009375
0 0.167187 0.450000 0.018750 0.006250
0 0.667188 0.854688 0.009375 0.007812
0 0.459375 0.957812 0.017188 0.006250
0 0.612500 0.668750 0.015625 0.009375
0 0.048438 0.959375 0.009375 0.007812
0 0.360938 0.096875 0.012500 0.012500
0 0.537500 0.900000 0.018750 0.007812
0 0.448437 0.368750 0.018750 0.009375
0 0.392188 0.150000 0.018750 0.006250
0 0.157812 0.165625 0.010937 0.006250
0 0.260937 0.154688 0.010937 0.010937
0 0.334375 0.410938 0.010937 0.006250
0 0.775000 0.582812 0.018750 0.006250
0 0.112500 0.551562 0.010937 0.006250
0 0.717187 0.725000 0.009375 0.007812
