0 0.525000 0.692187 0.010937 0.010937
0 0.481250 0.273438 0.017188 0.010937
0 0.517188 0.851562 0.017188 0.006250
0 0.939063 0.590625 0.012500 0.007812
0 0.654687 0.871875 0.015625 0.012500
0 0.564063 0.948438 0.009375 0.012500
0 0.689063 0.334375 0.015625 0.009375
0 0.798438 0.575000 0.014063 0.009375
0 0.343750 0.089063 0.018750 0.012500
0 0.776563 0.631250 0.018750 0.010937
0 0.200000 0.698438 0.014063 0.006250
0 0.517188 0.795312 0.017188 0.010937
0 0.710938 0.190625 0.009375 0.010937
0 0.548438 0.892188 0.010937 0.012500
0 0.334375 0.500000 0.015625 0.006250
0 0.590625 0.481250 0.012500 0.012500
0 0.214062 0.242188 0.009375 0.007812
0 0.528125 0.054688 0.010937 0.007812
0 0.804688 0.706250 0.017188 0.010937
0 0.865625 0.875000 0.014063 0.009375
0 0.881250 0.645312 0.015625 0.007812
0 0.473438 0.298438 0.009375 0.012500
0 0.334375 0.500000 0.010937 0.007812
0 0.234375 0.764062 0.012500 0.012500
0 0.806250 0.770312 0.018750 0.007812
0 0.834375 0.475000 0.015625 0.007812
