0 0.339062 0.854688 0.017188 0.012500
0 0.665625 0.401562 0.018750 0.006250
0 0.831250 0.087500 0.015625 0.009375
0 0.090625 0.428125 0.015625 0.009375
0 0.614062 0.248438 0.010937 0.012500
0 0.056250 0.250000 0.012500 0.009375
0 0.292187 0.478125 0.010937 0.012500
0 0.506250 0.242188 0.015625 0.007812
0 0.489063 0.207813 0.009375 0.009375
0 0.787500 0.953125 0.012500 0.006250
0 0.226562 0.960938 0.010937 0.012500
0 0.825000 0.623437 0.014063 0.006250
0 0.809375 0.376563 0.015625 0.006250
0 0.910937 0.312500 0.010937 0.012500
0 0.720313 0.893750 0.017188 0.006250
0 0.729688 0.470313 0.014063 0.012500
0 0.484375 0.276562 0.017188 0.007812
0 0.231250 0.945312 0.017188 0.009375
0 0.437500 0.792188 0.012500 0.006250
0 0.053125 0.078125 0.015625 0.007812
0 0.345313 0.259375 0.014063 0.009375
0 0.840625 0.835938 0.018750 0.010937
0 0.932813 0.917188 0.012500 0.007812
0 0.209375 0.034375 0.017188 0.012500
0 0.210938 0.473438 0.009375 0.010937
0 0.562500 0.548438 0.018750 0.007812
0 0.962500 0.892188 0.010937 0.012500
0 0.904687 0.635938 0.018750 0.010937
0 0.629687 0.600000 0.014063 0.009375
0 0.135937 0.923438 0.015625 0.012500
0 0.789062 0.692187 0.010937 0.010937
0 0.303125 0.287500 0.018750 0.012500
0 0.426563 0.393750 0.018750 0.007812
0 0.904687 0.689063 0.014063 0.009375
0 0.959375 0.117188 0.015625 0.009375
0 0.696875 0.856250 0.012500 0.007812
0 0.198437 0.692187 0.018750 0.006250
0 0.745313 0.701562 0.014063 0.006250
0 0.298438 0.701562 0.018750 0.006250
0 0.639062 0.420312 0.012500 0.006250
0 0.940625 0.187500 0.010937 0.009375
0 0.551562 0.515625 0.015625 0.009375
0 0.645312 0.510938 0.009375 0.006250
0 0.609375 0.159375 0.009375 0.010937
0 0.439063 0.095312 0.014063 0.006250
0 0.615625 0.662500 0.014063 0.007812
0 0.782813 0.225000 0.015625 0.006250
0 0.607812 0.056250 0.017188 0.010937
0 0.129688 0.929688 0.017188 0.010937
0 0.600000 0.543750 0.010937 0.009375
0 0.115625 0.034375 0.018750 0.010937
0 0.279687 0.390625 0.015625 0.010937
0 0.323437 0.106250 0.018750 0.007812
0 0.751563 0.317188 0.010937 0.006250
0 0.650000 0.339062 0.009375 0.012500
0 0.639062 0.064062 0.012500 0.007812
0 0.696875 0.892188 0.010937 0.006250
0 0.506250 0.042188 0.009375 0.012500
0 0.376563 0.435937 0.010937 0.009375
