0 0.271875 0.289062 0.014063 0.010937
0 0.596875 0.125000 0.017188 0.007812
0 0.864062 0.934375 0.009375 0.009375
0 0.200000 0.350000 0.009375 0.010937
0 0.460938 0.210938 0.012500 0.009375
0 0.612500 0.450000 0.009375 0.009375
0 0.967187 0.901563 0.012500 0.007812
0 0.221875 0.267188 0.018750 0.007812
0 0.609375 0.439063 0.017188 0.010937
0 0.310937 0.657813 0.018750 0.006250
0 0.329688 0.617188 0.014063 0.010937
0 0.429688 0.117188 0.010937 0.010937
0 0.567187 0.646875 0.015625 0.010937
0 0.826562 0.242188 0.017188 0.007812
0 0.389062 0.606250 0.015625 0.010937
0 0.112500 0.178125 0.014063 0.007812
0 0.203125 0.631250 0.014063 0.012500
0 0.718750 0.760938 0.017188 0.010937
0 0.060937 0.070312 0.009375 0.007812
0 0.234375 0.340625 0.014063 0.006250
0 0.710938 0.503125 0.009375 0.012500
0 0.334375 0.926562 0.014063 0.012500
0 0.489063 0.693750 0.009375 0.006250
0 0.762500 0.682813 0.010937 0.007812
0 0.745313 0.362500 0.015625 0.010937
0 0.698438 0.739062 0.012500 0.007812
