0 0.459375 0.562500 0.015625 0.009375
0 0.317188 0.279687 0.009375 0.010937
0 0.132812 0.115625 0.017188 0.007812
0 0.610938 0.645312 0.017188 0.012500
0 0.789062 0.187500 0.015625 0.006250
0 0.281250 0.803125 0.009375 0.006250
0 0.557813 0.717187 0.012500 0.010937
0 0.606250 0.889062 0.012500 0.007812
0 0.604688 0.606250 0.015625 0.006250
0 0.075000 0.790625 0.018750 0.009375
0 0.945312 0.695312 0.014063 0.007812
0 0.301563 0.373437 0.015625 0.012500
0 0.779687 0.884375 0.015625 0.006250
0 0.962500 0.529687 0.009375 0.012500
0 0.962500 0.767188 0.015625 0.006250
0 0.678125 0.251563 0.015625 0.006250
0 0.050000 0.768750 0.009375 0.012500
0 0.856250 0.050000 0.009375 0.007812
0 0.271875 0.504687 0.018750 0.006250
0 0.081250 0.087500 0.015625 0.012500
0 0.315625 0.256250 0.012500 0.007812
0 0.742188 0.398438 0.009375 0.010937
0 0.665625 0.946875 0.017188 0.006250
0 0.293750 0.523438 0.014063 0.010937
0 0.810937 0.623437 0.015625 0.006250
0 0.121875 0.757812 0.010937 0.012500
0 0.214062 0.826562 0.017188 0.006250
0 0.529687 0.228125 0.018750 0.012500
0 0.300000 0.784375 0.017188 0.006250
0 0.092188 0.389062 0.017188 0.009375
0 0.489063 0.671875 0.009375 0.012500
0 0.526563 0.801562 0.014063 0.012500
0 0.160938 0.903125 0.010937 0.006250
0 0.187500 0.750000 0.018750 0.012500
0 0.384375 0.937500 0.017188 0.007812
0 0.773438 0.521875 0.018750 0.006250
0 0.243750 0.909375 0.014063 0.006250
0 0.145313 0.453125 0.014063 0.007812
0 0.198437 0.842187 0.012500 0.009375
0 0.343750 0.737500 0.015625 0.009375
0 0.246875 0.770312 0.015625 0.012500
0 0.346875 0.425000 0.017188 0.012500
0 0.034375 0.382812 0.014063 0.012500
0 0.639062 0.778125 0.015625 0.012500
0 0.837500 0.956250 0.009375 0.009375
