0 0.045312 0.189062 0.015625 0.009375
0 0.512500 0.081250 0.010937 0.007812
0 0.146875 0.404687 0.009375 0.012500
0 0.756250 0.053125 0.015625 0.010937
0 0.595313 0.329688 0.014063 0.006250
0 0.187500 0.884375 0.014063 0.012500
0 0.754687 0.146875 0.012500 0.010937
0 0.064062 0.960938 0.014063 0.012500
0 0.643750 0.201563 0.015625 0.012500
0 0.289062 0.112500 0.017188 0.006250
0 0.896875 0.718750 0.018750 0.007812
0 0.596875 0.500000 0.018750 0.006250
0 0.812500 0.459375 0.015625 0.006250
0 0.810937 0.387500 0.010937 0.007812
0 0.050000 0.412500 0.009375 0.007812
0 0.064062 0.150000 0.012500 0.007812
0 0.189062 0.779687 0.015625 0.012500
0 0.232813 0.440625 0.012500 0.010937
0 0.829688 0.760938 0.010937 0.006250
0 0.504687 0.568750 0.014063 0.012500
0 0.104688 0.351562 0.010937 0.007812
0 0.937500 0.859375 0.009375 0.007812
0 0.596875 0.123438 0.018750 0.007812
0 0.045312 0.450000 0.014063 0.007812
0 0.075000 0.040625 0.018750 0.006250
0 0.110937 0.112500 0.012500 0.012500
0 0.959375 0.167187 0.018750 0.006250
0 0.642188 0.332813 0.010937 0.007812
0 0.340625 0.804688 0.014063 0.010937
0 0.518750 0.957812 0.017188 0.006250
0 0.123438 0.279687 0.012500 0.007812
0 0.143750 0.309375 0.014063 0.006250
0 0.492188 0.032813 0.010937 0.012500
0 0.750000 0.079687 0.014063 0.007812
0 0.901563 0.596875 0.015625 0.006250
0 0.035937 0.312500 0.009375 0.007812
0 0.206250 0.542188 0.014063 0.006250
0 0.651563 0.282813 0.010937 0.010937
0 0.537500 0.951562 0.012500 0.010937
0 0.095312 0.909375 0.018750 0.012500
0 0.425000 0.643750 0.018750 0.009375
0 0.229687 0.346875 0.014063 0.006250
0 0.398438 0.814063 0.015625 0.007812
0 0.687500 0.046875 0.010937 0.007812
0 0.273438 0.821875 0.015625 0.007812
0 0.512500 0.673438 0.017188 0.007812
