0 0.551562 0.640625 0.015625 0.012500
0 0.256250 0.164062 0.012500 0.007812
0 0.543750 0.401562 0.015625 0.012500
0 0.759375 0.545312 0.010937 0.012500
0 0.729688 0.457813 0.014063 0.010937
0 0.687500 0.767188 0.017188 0.010937
0 0.279687 0.585938 0.010937 0.007812
0 0.192188 0.064062 0.017188 0.006250
0 0.564063 0.407813 0.017188 0.010937
0 0.707812 0.243750 0.018750 0.006250
0 0.090625 0.375000 0.015625 0.012500
0 0.173437 0.467187 0.012500 0.007812
0 0.632812 0.721875 0.017188 0.006250
0 0.726562 0.204687 0.017188 0.009375
0 0.306250 0.365625 0.012500 0.010937
0 0.628125 0.817187 0.014063 0.006250
0 0.262500 0.404687 0.015625 0.006250
0 0.929688 0.454688 0.017188 0.007812
0 0.207813 0.295312 0.015625 0.010937
0 0.729688 0.387500 0.012500 0.012500
0 0.673438 0.789062 0.012500 0.010937
0 0.432812 0.446875 0.014063 0.009375
0 0.095312 0.879687 0.012500 0.012500
0 0.721875 0.234375 0.018750 0.010937
0 0.231250 0.956250 0.015625 0.010937
0 0.637500 0.521875 0.015625 0.010937
0 0.117188 0.434375 0.012500 0.009375
0 0.956250 0.425000 0.009375 0.007812
0 0.698438 0.400000 0.015625 0.010937
