0 0.468750 0.832812 0.012500 0.009375
0 0.187500 0.387500 0.017188 0.006250
0 0.792188 0.217188 0.010937 0.010937
0 0.593750 0.403125 0.012500 0.007812
0 0.267188 0.640625 0.012500 0.006250
0 0.314063 0.262500 0.012500 0.010937
0 0.343750 0.187500 0.010937 0.009375
0 0.048438 0.612500 0.012500 0.012500
0 0.284375 0.545312 0.015625 0.012500
0 0.928125 0.081250 0.012500 0.007812
0 0.431250 0.842187 0.015625 0.007812
0 0.664062 0.540625 0.012500 0.007812
0 0.509375 0.814063 0.012500 0.009375
0 0.714063 0.284375 0.018750 0.010937
0 0.292187 0.209375 0.017188 0.010937
0 0.409375 0.945312 0.015625 0.006250
0 0.565625 0.212500 0.012500 0.007812
0 0.325000 0.764062 0.018750 0.006250
0 0.246875 0.332813 0.012500 0.010937
0 0.648438 0.871875 0.012500 0.009375
0 0.556250 0.043750 0.014063 0.006250
0 0.076563 0.450000 0.017188 0.009375
0 0.375000 0.210938 0.009375 0.007812
0 0.864062 0.821875 0.010937 0.006250
0 0.731250 0.800000 0.009375 0.006250
0 0.546875 0.173437 0.009375 0.009375
0 0.714063 0.110937 0.015625 0.012500
0 0.282813 0.162500 0.017188 0.006250
0 0.920312 0.420312 0.010937 0.007812
0 0.354687 0.245312 0.009375 0.012500
0 0.725000 0.373437 0.012500 0.006250
0 0.081250 0.618750 0.010937 0.012500
0 0.671875 0.365625 0.014063 0.012500
0 0.648438 0.962500 0.010937 0.007812
0 0.314063 0.253125 0.010937 0.012500
0 0.892188 0.226562 0.012500 0.007812
0 0.293750 0.912500 0.010937 0.010937
0 0.720313 0.856250 0.010937 0.009375
0 0.382812 0.884375 0.012500 0.006250
0 0.918750 0.675000 0.017188 0.006250
0 0.771875 0.826562 0.009375 0.012500
0 0.195312 0.065625 0.012500 0.010937
0 0.164062 0.629687 0.017188 0.012500
0 0.535937 0.165625 0.012500 0.007812
0 0.729688 0.584375 0.010937 0.009375
0 0.681250 0.909375 0.018750 0.009375
0 0.873437 0.851562 0.017188 0.007812
0 0.254688 0.467187 0.010937 0.010937
0 0.357812 0.909375 0.015625 0.006250
0 0.800000 0.917188 0.018750 0.007812
0 0.293750 0.437500 0.012500 0.009375
0 0.948438 0.203125 0.012500 0.012500
0 0.746875 0.681250 0.009375 0.010937
0 0.906250 0.615625 0.009375 0.009375
0 0.371875 0.285938 0.012500 0.007812
0 0.356250 0.339062 0.018750 0.009375
0 0.606250 0.950000 0.012500 0.009375
0 0.703125 0.846875 0.010937 0.009375
0 0.639062 0.193750 0.010937 0.012500
0 0.145313 0.312500 0.010937 0.010937
0 0.487500 0.839063 0.010937 0.012500
0 0.875000 0.264062 0.018750 0.012500
0 0.623437 0.939063 0.015625 0.006250
0 0.287500 0.406250 0.018750 0.012500
0 0.673438 0.507812 0.017188 0.007812
0 0.471875 0.317188 0.018750 0.006250
0 0.215625 0.856250 0.018750 0.010937
0 0.625000 0.335938 0.018750 0.012500
