0 0.712500 0.407813 0.014063 0.009375
0 0.370312 0.617188 0.009375 0.012500
0 0.284375 0.170313 0.009375 0.012500
0 0.753125 0.507812 0.015625 0.009375
0 0.240625 0.387500 0.015625 0.009375
0 0.421875 0.871875 0.017188 0.010937
0 0.617188 0.198437 0.010937 0.007812
0 0.814063 0.889062 0.010937 0.010937
0 0.128125 0.146875 0.014063 0.007812
0 0.881250 0.403125 0.009375 0.006250
0 0.287500 0.085938 0.018750 0.012500
0 0.718750 0.807813 0.010937 0.006250
0 0.928125 0.329688 0.017188 0.006250
0 0.657813 0.193750 0.014063 0.010937
0 0.226562 0.759375 0.009375 0.009375
0 0.681250 0.806250 0.009375 0.007812
0 0.295312 0.857812 0.015625 0.007812
0 0.259375 0.573438 0.009375 0.007812
0 0.689063 0.810937 0.015625 0.009375
0 0.096875 0.490625 0.015625 0.009375
0 0.490625 0.117188 0.009375 0.009375
0 0.215625 0.801562 0.009375 0.007812
0 0.740625 0.775000 0.009375 0.009375
0 0.564063 0.757812 0.010937 0.010937
0 0.906250 0.395313 0.017188 0.012500
0 0.673438 0.492188 0.017188 0.010937
0 0.435937 0.601562 0.009375 0.012500
0 0.968750 0.843750 0.010937 0.009375
0 0.662500 0.323437 0.015625 0.006250
0 0.351562 0.073438 0.012500 0.010937
0 0.712500 0.585938 0.009375 0.007812
0 0.832812 0.162500 0.015625 0.010937
0 0.709375 0.884375 0.015625 0.012500
0 0.735938 0.490625 0.009375 0.009375
0 0.503125 0.940625 0.014063 0.010937
0 0.464062 0.734375 0.018750 0.006250
0 0.098437 0.848437 0.017188 0.010937
0 0.398438 0.671875 0.017188 0.007812
0 0.921875 0.453125 0.018750 0.010937
0 0.126562 0.779687 0.014063 0.009375
0 0.156250 0.442188 0.014063 0.006250
0 0.668750 0.710938 0.017188 0.010937
0 0.251563 0.660937 0.018750 0.012500
0 0.301563 0.853125 0.018750 0.006250
