0 0.267188 0.085938 0.010937 0.007812
0 0.226562 0.931250 0.009375 0.012500
0 0.078125 0.615625 0.014063 0.010937
0 0.529687 0.675000 0.014063 0.006250
0 0.381250 0.453125 0.009375 0.010937
0 0.381250 0.415625 0.015625 0.006250
0 0.204687 0.560937 0.010937 0.006250
0 0.729688 0.067187 0.014063 0.010937
0 0.235937 0.264062 0.017188 0.010937
0 0.564063 0.343750 0.015625 0.006250
0 0.176563 0.525000 0.012500 0.007812
0 0.701562 0.628125 0.014063 0.007812
0 0.809375 0.167187 0.010937 0.012500
0 0.071875 0.151562 0.017188 0.010937
0 0.457813 0.898438 0.017188 0.009375
0 0.621875 0.845313 0.018750 0.010937
0 0.692187 0.732812 0.015625 0.009375
0 0.160938 0.106250 0.018750 0.007812
0 0.462500 0.475000 0.014063 0.007812
0 0.339062 0.845313 0.009375 0.007812
0 0.573438 0.951562 0.018750 0.006250
0 0.756250 0.501563 0.015625 0.006250
0 0.785937 0.403125 0.010937 0.007812
0 0.771875 0.890625 0.009375 0.006250
0 0.832812 0.315625 0.012500 0.006250
0 0.875000 0.690625 0.014063 0.012500
0 0.159375 0.931250 0.014063 0.010937
0 0.670312 0.950000 0.010937 0.007812
0 0.537500 0.306250 0.009375 0.012500
0 0.900000 0.431250 0.017188 0.012500
0 0.642188 0.589063 0.010937 0.010937
0 0.173437 0.512500 0.010937 0.010937
0 0.643750 0.768750 0.010937 0.012500
0 0.346875 0.890625 0.018750 0.006250
0 0.110937 0.548438 0.009375 0.012500
0 0.945312 0.506250 0.014063 0.009375
0 0.884375 0.571875 0.017188 0.010937
0 0.170313 0.534375 0.018750 0.009375
0 0.031250 0.707812 0.012500 0.006250
0 0.801562 0.931250 0.014063 0.009375
0 0.301563 0.564063 0.010937 0.012500
0 0.162500 0.890625 0.017188 0.007812
