0 0.782813 0.423438 0.014063 0.007812
0 0.931250 0.867188 0.012500 0.012500
0 0.304688 0.439063 0.014063 0.010937
0 0.731250 0.137500 0.015625 0.009375
0 0.929688 0.118750 0.018750 0.009375
0 0.109375 0.217188 0.018750 0.009375
0 0.381250 0.167187 0.010937 0.010937
0 0.967187 0.729688 0.012500 0.010937
0 0.682813 0.339062 0.015625 0.007812
0 0.253125 0.896875 0.017188 0.009375
0 0.721875 0.676562 0.015625 0.009375
0 0.690625 0.098437 0.012500 0.006250
0 0.500000 0.400000 0.009375 0.007812
0 0.829688 0.943750 0.015625 0.007812
0 0.957812 0.648438 0.010937 0.012500
0 0.871875 0.825000 0.014063 0.007812
0 0.579688 0.421875 0.018750 0.009375
0 0.884375 0.228125 0.012500 0.010937
0 0.965625 0.529687 0.009375 0.012500
0 0.462500 0.443750 0.017188 0.010937
0 0.448437 0.832812 0.009375 0.007812
0 0.871875 0.781250 0.012500 0.009375
0 0.368750 0.265625 0.010937 0.009375
0 0.879687 0.635938 0.014063 0.007812
0 0.585938 0.214062 0.010937 0.010937
0 0.835938 0.585938 0.018750 0.007812
0 0.818750 0.421875 0.018750 0.007812
0 0.715625 0.589063 0.009375 0.009375
0 0.609375 0.478125 0.015625 0.012500
0 0.698438 0.520312 0.017188 0.009375
0 0.645312 0.931250 0.014063 0.006250
0 0.764062 0.398438 0.010937 0.006250
0 0.743750 0.934375 0.009375 0.006250
0 0.401562 0.779687 0.018750 0.009375
0 0.492188 0.460938 0.009375 0.012500
0 0.585938 0.831250 0.018750 0.009375
0 0.192188 0.890625 0.012500 0.007812
0 0.910937 0.660937 0.009375 0.009375
0 0.629687 0.637500 0.012500 0.007812
0 0.650000 0.621875 0.015625 0.010937
0 0.657813 0.075000 0.014063 0.012500
0 0.342187 0.629687 0.015625 0.010937
0 0.382812 0.321875 0.014063 0.006250
0 0.312500 0.212500 0.017188 0.009375
