0 0.504687 0.289062 0.018750 0.009375
0 0.048438 0.923438 0.009375 0.009375
0 0.878125 0.106250 0.018750 0.010937
0 0.339062 0.715625 0.015625 0.010937
0 0.726562 0.159375 0.017188 0.007812
0 0.814063 0.815625 0.015625 0.009375
0 0.126562 0.520312 0.018750 0.009375
0 0.082812 0.942187 0.018750 0.007812
0 0.264062 0.632812 0.014063 0.007812
0 0.414062 0.273438 0.010937 0.009375
0 0.729688 0.328125 0.009375 0.009375
0 0.832812 0.059375 0.009375 0.007812
0 0.518750 0.040625 0.017188 0.007812
0 0.118750 0.053125 0.010937 0.012500
0 0.160938 0.407813 0.009375 0.006250
0 0.350000 0.770312 0.009375 0.006250
0 0.592187 0.395313 0.017188 0.012500
0 0.185938 0.239063 0.012500 0.006250
0 0.243750 0.823438 0.012500 0.012500
0 0.673438 0.240625 0.018750 0.012500
