0 0.306250 0.617188 0.014063 0.012500
0 0.831250 0.431250 0.017188 0.012500
0 0.385937 0.829688 0.009375 0.006250
0 0.234375 0.092188 0.017188 0.007812
0 0.126562 0.465625 0.018750 0.010937
0 0.426563 0.745313 0.014063 0.007812
0 0.676562 0.546875 0.017188 0.009375
0 0.346875 0.932813 0.012500 0.010937
0 0.806250 0.095312 0.010937 0.010937
0 0.851562 0.900000 0.009375 0.009375
0 0.223438 0.481250 0.012500 0.006250
0 0.481250 0.743750 0.017188 0.009375
0 0.639062 0.332813 0.014063 0.010937
0 0.303125 0.371875 0.018750 0.012500
0 0.714063 0.873437 0.014063 0.009375
0 0.918750 0.653125 0.014063 0.012500
0 0.784375 0.750000 0.017188 0.009375
0 0.859375 0.781250 0.015625 0.007812
0 0.812500 0.876563 0.009375 0.007812
0 0.160938 0.675000 0.018750 0.009375
0 0.128125 0.626563 0.015625 0.010937
0 0.659375 0.593750 0.017188 0.009375
0 0.851562 0.934375 0.017188 0.010937
0 0.690625 0.571875 0.012500 0.009375
0 0.092188 0.525000 0.015625 0.012500
0 0.298438 0.234375 0.009375 0.006250
0 0.953125 0.551562 0.018750 0.006250
0 0.229687 0.276562 0.014063 0.007812
0 0.537500 0.289062 0.014063 0.012500
0 0.190625 0.446875 0.012500 0.010937
0 0.378125 0.578125 0.015625 0.012500
0 0.660937 0.357812 0.017188 0.012500
0 0.967187 0.335938 0.009375 0.007812
0 0.651563 0.107813 0.018750 0.009375
0 0.450000 0.442188 0.017188 0.009375
0 0.323437 0.639062 0.010937 0.006250
0 0.628125 0.860938 0.009375 0.007812
0 0.939063 0.520312 0.014063 0.007812
0 0.889062 0.285938 0.010937 0.010937
0 0.612500 0.140625 0.010937 0.007812
0 0.140625 0.676562 0.015625 0.010937
0 0.062500 0.064062 0.010937 0.010937
0 0.518750 0.495312 0.018750 0.010937
0 0.953125 0.664062 0.014063 0.007812
0 0.592187 0.601562 0.014063 0.012500
0 0.485938 0.304688 0.009375 0.010937
0 0.459375 0.914062 0.018750 0.006250
0 0.951562 0.173437 0.018750 0.007812
0 0.090625 0.812500 0.015625 0.006250
0 0.723437 0.726562 0.012500 0.006250
0 0.396875 0.468750 0.015625 0.010937
0 0.531250 0.059375 0.014063 0.010937
0 0.429688 0.321875 0.014063 0.007812
0 0.376563 0.951562 0.010937 0.009375
0 0.095312 0.232813 0.009375 0.006250
0 0.851562 0.215625 0.010937 0.007812
0 0.403125 0.650000 0.018750 0.006250
0 0.207813 0.968750 0.012500 0.009375
0 0.821875 0.321875 0.015625 0.010937
0 0.381250 0.793750 0.017188 0.007812
0 0.096875 0.251563 0.010937 0.010937
0 0.293750 0.548438 0.009375 0.007812
0 0.285938 0.771875 0.015625 0.006250
0 0.421875 0.135937 0.014063 0.006250
0 0.912500 0.929688 0.010937 0.009375
0 0.882812 0.045312 0.014063 0.006250
0 0.870313 0.035937 0.012500 0.010937
0 0.157812 0.779687 0.015625 0.009375
0 0.056250 0.475000 0.009375 0.009375
0 0.281250 0.040625 0.010937 0.007812
0 0.595313 0.120313 0.010937 0.007812
