0 0.389062 0.454688 0.009375 0.012500
0 0.653125 0.396875 0.015625 0.006250
0 0.575000 0.893750 0.009375 0.006250
0 0.676562 0.968750 0.017188 0.012500
0 0.703125 0.654687 0.014063 0.010937
0 0.934375 0.473438 0.012500 0.010937
0 0.907813 0.495312 0.012500 0.012500
0 0.478125 0.232813 0.012500 0.006250
0 0.906250 0.764062 0.015625 0.012500
0 0.632812 0.485938 0.015625 0.007812
0 0.467187 0.707812 0.010937 0.007812
0 0.317188 0.217188 0.014063 0.006250
0 0.153125 0.156250 0.009375 0.006250
0 0.259375 0.670312 0.012500 0.010937
0 0.114062 0.201563 0.012500 0.009375
0 0.203125 0.756250 0.012500 0.012500
0 0.589063 0.370312 0.012500 0.010937
0 0.767188 0.881250 0.015625 0.009375
0 0.576562 0.929688 0.009375 0.009375
0 0.689063 0.595313 0.017188 0.007812
0 0.218750 0.342187 0.018750 0.010937
0 0.692187 0.581250 0.014063 0.009375
0 0.679688 0.340625 0.009375 0.010937
0 0.250000 0.351562 0.014063 0.006250
0 0.153125 0.478125 0.015625 0.006250
0 0.168750 0.742188 0.009375 0.006250
0 0.423438 0.845313 0.018750 0.012500
0 0.118750 0.848437 0.014063 0.012500
