0 0.879687 0.675000 0.014063 0.012500
0 0.217188 0.040625 0.010937 0.010937
0 0.082812 0.900000 0.009375 0.007812
0 0.687500 0.500000 0.012500 0.012500
0 0.851562 0.675000 0.012500 0.012500
0 0.110937 0.962500 0.010937 0.009375
0 0.304688 0.053125 0.018750 0.006250
0 0.790625 0.657813 0.014063 0.009375
0 0.175000 0.565625 0.009375 0.012500
0 0.865625 0.193750 0.015625 0.009375
0 0.770312 0.428125 0.010937 0.009375
0 0.935937 0.779687 0.010937 0.010937
0 0.787500 0.868750 0.017188 0.010937
0 0.693750 0.114062 0.015625 0.007812
