0 0.681250 0.296875 0.014063 0.012500
0 0.798438 0.476562 0.018750 0.006250
0 0.184375 0.360938 0.017188 0.009375
0 0.146875 0.110937 0.015625 0.012500
0 0.301563 0.040625 0.009375 0.012500
0 0.123438 0.865625 0.009375 0.006250
0 0.918750 0.371875 0.014063 0.010937
0 0.825000 0.796875 0.018750 0.006250
0 0.514062 0.373437 0.017188 0.009375
0 0.260937 0.242188 0.018750 0.010937
0 0.607812 0.068750 0.014063 0.006250
0 0.521875 0.500000 0.015625 0.012500
0 0.093750 0.590625 0.009375 0.007812
0 0.392188 0.460938 0.014063 0.010937
0 0.878125 0.668750 0.014063 0.010937
0 0.945312 0.060937 0.010937 0.007812
0 0.223438 0.904687 0.012500 0.007812
0 0.087500 0.275000 0.009375 0.009375
0 0.853125 0.606250 0.017188 0.012500
0 0.834375 0.070312 0.015625 0.007812
0 0.568750 0.131250 0.017188 0.009375
0 0.275000 0.656250 0.009375 0.012500
0 0.629687 0.451562 0.015625 0.012500
0 0.456250 0.556250 0.015625 0.006250
0 0.878125 0.907813 0.014063 0.010937
0 0.310937 0.801562 0.009375 0.007812
0 0.848437 0.184375 0.012500 0.009375
0 0.545312 0.551562 0.018750 0.007812
0 0.754687 0.181250 0.015625 0.009375
0 0.501563 0.114062 0.012500 0.006250
0 0.257812 0.767188 0.018750 0.010937
0 0.670312 0.742188 0.017188 0.009375
0 0.648438 0.328125 0.017188 0.009375
0 0.551562 0.260937 0.012500 0.010937
0 0.703125 0.435937 0.010937 0.009375
0 0.642188 0.506250 0.018750 0.006250
0 0.731250 0.640625 0.017188 0.010937
0 0.493750 0.617188 0.017188 0.007812
0 0.318750 0.635938 0.012500 0.010937
0 0.534375 0.234375 0.010937 0.007812
0 0.854688 0.162500 0.017188 0.009375
0 0.737500 0.184375 0.017188 0.010937
0 0.387500 0.048438 0.014063 0.012500
0 0.543750 0.625000 0.012500 0.012500
0 0.257812 0.739062 0.012500 0.010937
0 0.270313 0.145313 0.012500 0.007812
0 0.246875 0.667188 0.015625 0.006250
0 0.039062 0.901563 0.009375 0.006250
0 0.775000 0.448437 0.009375 0.010937
0 0.309375 0.646875 0.009375 0.012500
0 0.882812 0.678125 0.012500 0.006250
0 0.781250 0.403125 0.017188 0.012500
0 0.321875 0.760938 0.010937 0.010937
0 0.251563 0.053125 0.009375 0.012500
0 0.793750 0.900000 0.012500 0.012500
0 0.509375 0.506250 0.012500 0.012500
0 0.343750 0.734375 0.009375 0.006250
