0 0.481250 0.782813 0.012500 0.012500
0 0.746875 0.035937 0.014063 0.010937
0 0.770312 0.167187 0.014063 0.009375
0 0.914062 0.414062 0.012500 0.007812
0 0.081250 0.417187 0.018750 0.009375
0 0.221875 0.340625 0.017188 0.007812
0 0.521875 0.521875 0.010937 0.010937
0 0.231250 0.457813 0.017188 0.012500
0 0.489063 0.698438 0.012500 0.010937
0 0.898438 0.260937 0.018750 0.007812
0 0.167187 0.381250 0.010937 0.006250
0 0.721875 0.234375 0.010937 0.010937
0 0.793750 0.423438 0.012500 0.010937
0 0.810937 0.753125 0.012500 0.007812
0 0.687500 0.532813 0.010937 0.007812
0 0.934375 0.904687 0.015625 0.006250
0 0.037500 0.820312 0.015625 0.009375
0 0.704688 0.260937 0.015625 0.009375
0 0.128125 0.332813 0.014063 0.009375
0 0.196875 0.840625 0.017188 0.012500
0 0.570312 0.634375 0.014063 0.006250
0 0.953125 0.881250 0.009375 0.006250
0 0.239063 0.907813 0.017188 0.007812
0 0.343750 0.932813 0.010937 0.010937
0 0.784375 0.050000 0.015625 0.006250
0 0.796875 0.293750 0.015625 0.012500
0 0.612500 0.712500 0.015625 0.012500
0 0.309375 0.471875 0.014063 0.007812
0 0.529687 0.589063 0.012500 0.007812
0 0.532813 0.171875 0.017188 0.009375
0 0.540625 0.090625 0.009375 0.010937
0 0.445312 0.634375 0.012500 0.012500
0 0.923438 0.367188 0.018750 0.006250
0 0.690625 0.356250 0.014063 0.009375
0 0.385937 0.965625 0.010937 0.009375
0 0.062500 0.404687 0.014063 0.006250
0 0.290625 0.107813 0.012500 0.009375
0 0.170313 0.379688 0.017188 0.010937
0 0.078125 0.671875 0.009375 0.009375
0 0.639062 0.765625 0.017188 0.007812
0 0.831250 0.343750 0.018750 0.010937
0 0.934375 0.137500 0.015625 0.010937
0 0.087500 0.178125 0.015625 0.007812
0 0.403125 0.412500 0.010937 0.010937
0 0.521875 0.470313 0.009375 0.010937
0 0.426563 0.540625 0.015625 0.007812
0 0.248438 0.890625 0.017188 0.010937
0 0.962500 0.425000 0.009375 0.012500
0 0.545312 0.840625 0.010937 0.007812
0 0.146875 0.064062 0.018750 0.007812
0 0.567187 0.732812 0.017188 0.009375
0 0.617188 0.165625 0.009375 0.006250
0 0.159375 0.478125 0.012500 0.007812
0 0.434375 0.371875 0.009375 0.012500
0 0.203125 0.806250 0.015625 0.006250
0 0.745313 0.885938 0.017188 0.012500
0 0.718750 0.754687 0.010937 0.012500
0 0.740625 0.462500 0.018750 0.010937
0 0.521875 0.539062 0.009375 0.007812
0 0.343750 0.223438 0.012500 0.010937
0 0.809375 0.871875 0.018750 0.010937
0 0.953125 0.168750 0.009375 0.007812
0 0.787500 0.476562 0.015625 0.007812
0 0.604688 0.464062 0.018750 0.010937
0 0.670312 0.806250 0.018750 0.010937
0 0.479687 0.293750 0.018750 0.007812
