0 0.270313 0.576562 0.017188 0.007812
0 0.293750 0.157812 0.009375 0.007812
0 0.734375 0.400000 0.014063 0.007812
0 0.332813 0.151562 0.015625 0.006250
0 0.900000 0.295312 0.009375 0.006250
0 0.326562 0.146875 0.015625 0.009375
0 0.851562 0.646875 0.012500 0.012500
0 0.304688 0.173437 0.017188 0.010937
0 0.871875 0.148438 0.009375 0.007812
0 0.200000 0.364063 0.015625 0.006250
0 0.273438 0.160938 0.015625 0.007812
0 0.314063 0.875000 0.009375 0.006250
0 0.089063 0.487500 0.014063 0.012500
0 0.159375 0.651563 0.010937 0.007812
0 0.367188 0.364063 0.017188 0.010937
0 0.310937 0.831250 0.009375 0.007812
0 0.923438 0.226562 0.014063 0.009375
0 0.432812 0.173437 0.009375 0.006250
0 0.454688 0.571875 0.009375 0.012500
0 0.429688 0.256250 0.015625 0.006250
0 0.532813 0.948438 0.010937 0.012500
0 0.140625 0.376563 0.009375 0.012500
0 0.726562 0.176563 0.010937 0.006250
0 0.598437 0.353125 0.012500 0.009375
0 0.784375 0.939063 0.015625 0.006250
0 0.496875 0.678125 0.012500 0.007812
0 0.273438 0.878125 0.015625 0.010937
