0 0.571875 0.039062 0.015625 0.012500
0 0.540625 0.206250 0.017188 0.007812
0 0.968750 0.312500 0.009375 0.009375
0 0.556250 0.473438 0.015625 0.007812
0 0.493750 0.178125 0.010937 0.012500
0 0.350000 0.460938 0.012500 0.010937
0 0.564063 0.203125 0.014063 0.009375
0 0.959375 0.875000 0.017188 0.012500
0 0.571875 0.395313 0.015625 0.007812
0 0.443750 0.960938 0.014063 0.007812
0 0.576562 0.529687 0.018750 0.007812
0 0.046875 0.203125 0.009375 0.006250
0 0.834375 0.871875 0.018750 0.012500
0 0.192188 0.850000 0.015625 0.006250
0 0.175000 0.873437 0.018750 0.012500
0 0.609375 0.201563 0.012500 0.009375
0 0.417187 0.306250 0.018750 0.007812
0 0.898438 0.221875 0.017188 0.012500
0 0.820312 0.140625 0.014063 0.012500
0 0.440625 0.078125 0.014063 0.009375
0 0.146875 0.562500 0.012500 0.010937
0 0.582812 0.771875 0.015625 0.009375
