0 0.214062 0.757812 0.015625 0.007812
0 0.700000 0.889062 0.012500 0.006250
0 0.550000 0.768750 0.009375 0.012500
0 0.804688 0.901563 0.014063 0.012500
0 0.817187 0.120313 0.012500 0.007812
0 0.451562 0.246875 0.009375 0.009375
0 0.562500 0.168750 0.009375 0.006250
0 0.925000 0.379688 0.015625 0.010937
0 0.140625 0.257812 0.012500 0.012500
0 0.746875 0.346875 0.017188 0.009375
0 0.843750 0.931250 0.009375 0.007812
0 0.153125 0.573438 0.017188 0.007812
0 0.301563 0.225000 0.018750 0.007812
0 0.739062 0.846875 0.015625 0.010937
0 0.575000 0.834375 0.018750 0.010937
0 0.121875 0.668750 0.014063 0.009375
0 0.578125 0.809375 0.015625 0.010937
0 0.776563 0.240625 0.010937 0.007812
0 0.681250 0.259375 0.010937 0.007812
0 0.279687 0.621875 0.017188 0.012500
0 0.512500 0.632812 0.010937 0.006250
0 0.892188 0.265625 0.009375 0.010937
0 0.882812 0.601562 0.018750 0.010937
0 0.237500 0.525000 0.012500 0.006250
0 0.918750 0.962500 0.018750 0.010937
0 0.670312 0.443750 0.015625 0.006250
0 0.409375 0.067187 0.009375 0.006250
