0 0.346875 0.768750 0.014063 0.009375
0 0.365625 0.879687 0.015625 0.010937
0 0.607812 0.839063 0.015625 0.010937
0 0.556250 0.178125 0.010937 0.006250
0 0.295312 0.110937 0.010937 0.009375
0 0.800000 0.557813 0.018750 0.006250
0 0.365625 0.159375 0.018750 0.012500
0 0.326562 0.170313 0.014063 0.012500
0 0.075000 0.084375 0.012500 0.012500
0 0.500000 0.662500 0.018750 0.010937
0 0.206250 0.615625 0.012500 0.010937
0 0.685937 0.960938 0.015625 0.007812
0 0.810937 0.598437 0.014063 0.009375
0 0.342187 0.075000 0.014063 0.010937
0 0.759375 0.868750 0.018750 0.009375
0 0.723437 0.943750 0.014063 0.007812
0 0.556250 0.168750 0.017188 0.010937
0 0.164062 0.593750 0.018750 0.010937
0 0.284375 0.176563 0.009375 0.007812
0 0.456250 0.310937 0.018750 0.012500
0 0.285938 0.540625 0.010937 0.009375
0 0.609375 0.729688 0.017188 0.009375
0 0.870313 0.423438 0.015625 0.007812
0 0.887500 0.128125 0.010937 0.010937
0 0.460938 0.212500 0.017188 0.009375
0 0.229687 0.287500 0.009375 0.010937
0 0.573438 0.964063 0.010937 0.010937
0 0.159375 0.768750 0.017188 0.010937
0 0.060937 0.934375 0.018750 0.007812
0 0.829688 0.425000 0.009375 0.009375
0 0.790625 0.142187 0.014063 0.012500
0 0.481250 0.117188 0.009375 0.009375
0 0.650000 0.373437 0.009375 0.010937
0 0.051562 0.626563 0.010937 0.010937
0 0.659375 0.854688 0.014063 0.012500
0 0.643750 0.593750 0.015625 0.009375
0 0.623437 0.515625 0.012500 0.006250
0 0.809375 0.307812 0.010937 0.012500
0 0.748437 0.546875 0.015625 0.012500
0 0.532813 0.767188 0.018750 0.009375
0 0.573438 0.496875 0.017188 0.007812
0 0.531250 0.826562 0.014063 0.007812
0 0.375000 0.143750 0.010937 0.009375
0 0.398438 0.078125 0.010937 0.007812
0 0.245312 0.521875 0.017188 0.006250
0 0.732812 0.292187 0.018750 0.012500
0 0.201563 0.746875 0.009375 0.006250
0 0.809375 0.514062 0.018750 0.009375
0 0.051562 0.898438 0.012500 0.006250
0 0.207813 0.081250 0.018750 0.010937
0 0.064062 0.875000 0.014063 0.007812
0 0.362500 0.939063 0.018750 0.009375
0 0.048438 0.317188 0.010937 0.010937
0 0.517188 0.528125 0.017188 0.007812
0 0.085938 0.782813 0.010937 0.006250
0 0.898438 0.517188 0.014063 0.009375
0 0.207813 0.175000 0.014063 0.012500
0 0.803125 0.757812 0.014063 0.006250
0 0.348438 0.623437 0.017188 0.007812
