0 0.721875 0.190625 0.018750 0.006250
0 0.314063 0.117188 0.012500 0.007812
0 0.084375 0.200000 0.017188 0.010937
0 0.620313 0.398438 0.014063 0.006250
0 0.535937 0.628125 0.018750 0.007812
0 0.843750 0.471875 0.014063 0.006250
0 0.901563 0.967187 0.017188 0.009375
0 0.248438 0.093750 0.009375 0.009375
0 0.246875 0.551562 0.009375 0.010937
0 0.710938 0.571875 0.012500 0.007812
0 0.948438 0.067187 0.018750 0.006250
0 0.400000 0.850000 0.018750 0.009375
0 0.846875 0.439063 0.012500 0.006250
0 0.456250 0.753125 0.017188 0.009375
0 0.842187 0.909375 0.018750 0.007812
0 0.707812 0.956250 0.015625 0.010937
0 0.728125 0.378125 0.018750 0.009375
0 0.387500 0.231250 0.018750 0.007812
0 0.117188 0.596875 0.010937 0.012500
0 0.210938 0.856250 0.009375 0.012500
