0 0.915625 0.140625 0.015625 0.006250
0 0.931250 0.807813 0.018750 0.010937
0 0.514062 0.696875 0.012500 0.012500
0 0.454688 0.823438 0.015625 0.009375
0 0.754687 0.682813 0.010937 0.012500
0 0.567187 0.357812 0.010937 0.012500
0 0.793750 0.176563 0.014063 0.012500
0 0.354687 0.921875 0.015625 0.006250
0 0.264062 0.300000 0.010937 0.009375
0 0.917188 0.151562 0.017188 0.010937
0 0.242188 0.182812 0.010937 0.012500
0 0.295312 0.589063 0.015625 0.006250
0 0.801562 0.818750 0.012500 0.010937
0 0.825000 0.278125 0.012500 0.007812
0 0.512500 0.620313 0.018750 0.007812
0 0.548438 0.937500 0.009375 0.007812
0 0.860938 0.764062 0.010937 0.010937
0 0.785937 0.879687 0.009375 0.007812
0 0.601562 0.643750 0.009375 0.007812
0 0.175000 0.348438 0.012500 0.010937
0 0.554688 0.278125 0.009375 0.012500
0 0.392188 0.198437 0.012500 0.010937
0 0.829688 0.912500 0.017188 0.012500
0 0.248438 0.659375 0.017188 0.012500
0 0.307812 0.353125 0.014063 0.012500
0 0.445312 0.854688 0.018750 0.010937
0 0.435937 0.037500 0.010937 0.007812
0 0.050000 0.204687 0.015625 0.009375
0 0.704688 0.115625 0.015625 0.007812
0 0.770312 0.953125 0.014063 0.009375
0 0.925000 0.473438 0.017188 0.010937
0 0.035937 0.948438 0.009375 0.012500
0 0.082812 0.850000 0.012500 0.012500
0 0.209375 0.346875 0.010937 0.012500
0 0.279687 0.320312 0.014063 0.007812
0 0.746875 0.821875 0.018750 0.012500
0 0.898438 0.404687 0.015625 0.006250
0 0.207813 0.456250 0.010937 0.006250
0 0.607812 0.473438 0.009375 0.007812
0 0.943750 0.145313 0.014063 0.012500
0 0.575000 0.879687 0.009375 0.007812
0 0.039062 0.418750 0.010937 0.009375
0 0.145313 0.639062 0.018750 0.009375
0 0.898438 0.846875 0.015625 0.009375
0 0.107813 0.084375 0.012500 0.010937
0 0.535937 0.248438 0.017188 0.009375
0 0.257812 0.418750 0.012500 0.007812
0 0.082812 0.468750 0.018750 0.007812
0 0.414062 0.465625 0.009375 0.009375
0 0.115625 0.425000 0.012500 0.009375
0 0.578125 0.098437 0.009375 0.012500
0 0.653125 0.193750 0.014063 0.010937
0 0.206250 0.950000 0.014063 0.009375
0 0.293750 0.720313 0.014063 0.009375
0 0.204687 0.254688 0.018750 0.007812
0 0.754687 0.828125 0.015625 0.009375
0 0.237500 0.043750 0.014063 0.009375
0 0.698438 0.218750 0.018750 0.006250
0 0.879687 0.651563 0.012500 0.012500
0 0.209375 0.812500 0.014063 0.010937
0 0.240625 0.885938 0.010937 0.006250
0 0.417187 0.959375 0.018750 0.006250
0 0.070312 0.885938 0.009375 0.010937
0 0.773438 0.957812 0.014063 0.009375
0 0.609375 0.682813 0.014063 0.012500
0 0.773438 0.526563 0.010937 0.007812
0 0.628125 0.892188 0.017188 0.010937
0 0.803125 0.371875 0.012500 0.012500
0 0.942187 0.589063 0.009375 0.012500
0 0.931250 0.348438 0.014063 0.006250
0 0.192188 0.850000 0.010937 0.009375
0 0.031250 0.820312 0.010937 0.006250
0 0.617188 0.823438 0.015625 0.012500
0 0.509375 0.729688 0.018750 0.010937
0 0.950000 0.385937 0.012500 0.006250
0 0.375000 0.532813 0.015625 0.006250
0 0.660937 0.498437 0.009375 0.012500
0 0.881250 0.639062 0.009375 0.012500
0 0.404687 0.753125 0.012500 0.006250
0 0.282813 0.125000 0.010937 0.007812
