0 0.015239 0.206742 0.007330 0.013021
0 0.115934 0.200666 0.007330 0.010127
0 0.067612 0.281973 0.006752 0.009549
0 0.019965 0.374421 0.006366 0.012153
0 0.166088 0.376013 0.007330 0.009549
0 0.253376 0.296441 0.008295 0.013600
0 0.304398 0.332755 0.006173 0.009259
0 0.467303 0.233796 0.005980 0.008681
0 0.485147 0.330150 0.009259 0.009838
0 0.591628 0.288484 0.009259 0.013310
0 0.632137 0.292969 0.007330 0.010706
0 0.622685 0.390480 0.006173 0.011285
0 0.597994 0.476273 0.009645 0.012731
0 0.418113 0.437934 0.006752 0.011863
0 0.430748 0.450666 0.005787 0.011285
0 0.350984 0.447483 0.008295 0.009549
0 0.362847 0.357784 0.006944 0.008970
0 0.737944 0.231626 0.007909 0.009549
0 0.805748 0.223958 0.006173 0.009838
0 0.786941 0.270544 0.005980 0.009838
0 0.703029 0.392506 0.007523 0.010127
0 0.685185 0.430411 0.007330 0.012442
0 0.996817 0.381800 0.006366 0.013600
0 0.047261 0.506510 0.008102 0.013600
0 0.147666 0.628038 0.010610 0.010127
0 0.151620 0.821615 0.011188 0.013021
0 0.313272 0.666088 0.007716 0.009838
0 0.300926 0.730903 0.008488 0.010417
0 0.019965 0.724682 0.010224 0.015336
0 0.135706 0.500289 0.007523 0.010995
0 0.504340 0.834780 0.008295 0.009838
0 0.550926 0.736834 0.006944 0.010127
0 0.549479 0.652199 0.006752 0.008681
0 0.643133 0.709201 0.008102 0.010995
0 0.472512 0.752025 0.010224 0.009259
0 0.433353 0.754774 0.006752 0.010706
0 0.410012 0.724537 0.008295 0.012153
0 0.426601 0.676505 0.007523 0.010995
0 0.435475 0.679253 0.007909 0.009549
0 0.475502 0.631510 0.007330 0.008391
0 0.418017 0.635851 0.006559 0.011285
0 0.388696 0.607494 0.007330 0.008970
0 0.362365 0.597367 0.007909 0.011863
0 0.468075 0.528646 0.008295 0.010995
0 0.334008 0.816551 0.009452 0.010417
0 0.765143 0.733362 0.008681 0.015336
0 0.737172 0.618345 0.006752 0.008102
0 0.948495 0.781829 0.006944 0.008102
0 0.814333 0.497975 0.006752 0.009259