0 0.174383 0.445457 0.006944 0.007234
0 0.112558 0.314236 0.005980 0.008102
0 0.231289 0.266059 0.007330 0.012442
0 0.264178 0.190972 0.005208 0.012731
0 0.256173 0.270689 0.010031 0.008391
0 0.260802 0.284722 0.006173 0.009259
0 0.488233 0.434317 0.007716 0.015625
0 0.587384 0.465278 0.009645 0.013889
0 0.470968 0.159867 0.009452 0.009549
0 0.481289 0.240885 0.006559 0.009549
0 0.519387 0.254774 0.007909 0.010127
0 0.595872 0.160590 0.009645 0.011574
0 0.490644 0.175926 0.006366 0.006944
0 0.372010 0.179688 0.006366 0.007523
0 0.428627 0.398148 0.005787 0.010417
0 0.353009 0.412037 0.008873 0.013310
0 0.344232 0.483073 0.008295 0.014178
0 0.929205 0.255208 0.005787 0.012731
0 0.991127 0.421730 0.008873 0.009549
0 0.722897 0.333912 0.007523 0.014468
0 0.791377 0.179253 0.007137 0.009549
0 0.683160 0.146267 0.008681 0.010127
0 0.122878 0.677807 0.009259 0.013600
0 0.087481 0.751302 0.009066 0.010706
0 0.148727 0.817564 0.008102 0.011863
0 0.017747 0.816406 0.008873 0.013021
0 0.309028 0.521557 0.008873 0.011863
0 0.589699 0.821325 0.005787 0.011285
0 0.650174 0.723669 0.006366 0.010995
0 0.649691 0.610677 0.007330 0.010127
0 0.638021 0.618056 0.006366 0.013310
0 0.645833 0.550781 0.007330 0.010706
0 0.584298 0.527344 0.007716 0.010127
0 0.524788 0.502749 0.005980 0.015336
0 0.363812 0.645978 0.009645 0.012442
0 0.344329 0.624566 0.010031 0.018229
0 0.335262 0.814815 0.008102 0.012731
0 0.773341 0.543837 0.008102 0.013021
0 0.799672 0.557292 0.008681 0.013889
0 0.974344 0.618490 0.006944 0.011285
0 0.994792 0.784578 0.008102 0.010127
0 0.926505 0.819010 0.007330 0.010127
0 0.846933 0.806134 0.006752 0.011574
0 0.811728 0.784433 0.006173 0.008102
0 0.777006 0.803385 0.007716 0.009549