0 0.084394 0.273872 0.008681 0.013021
0 0.093268 0.295284 0.009838 0.011863
0 0.132716 0.243490 0.006944 0.010706
0 0.166377 0.260995 0.010224 0.012153
0 0.294078 0.180556 0.008681 0.016204
0 0.367091 0.155093 0.010802 0.016204
0 0.372782 0.227286 0.010995 0.014757
0 0.367380 0.328270 0.009838 0.011285
0 0.397377 0.470052 0.011574 0.017072
0 0.505208 0.404514 0.011188 0.013310
0 0.507812 0.483941 0.008681 0.012442
0 0.625386 0.271123 0.010031 0.013889
0 0.572434 0.167824 0.012153 0.016782
0 0.629437 0.160735 0.011960 0.013600
0 0.665702 0.370515 0.008102 0.014178
0 0.642650 0.343461 0.007137 0.012731
0 0.634742 0.356337 0.009838 0.012442
0 0.462481 0.282697 0.009066 0.016204
0 0.517843 0.208333 0.009452 0.015625
0 0.434606 0.176649 0.010417 0.014757
0 0.611883 0.308015 0.008102 0.010706
0 0.452836 0.345631 0.005980 0.008391
0 0.443576 0.316551 0.007137 0.009259
0 0.455054 0.360822 0.007330 0.009259
0 0.883777 0.302373 0.009838 0.018519
0 0.760802 0.241898 0.008102 0.016204
0 0.732446 0.174190 0.010417 0.016204
0 0.938175 0.327691 0.007909 0.014178
0 0.720679 0.314381 0.008102 0.014178
0 0.052180 0.720631 0.010995 0.013600
0 0.081790 0.788484 0.010417 0.013310
0 0.110243 0.734664 0.009452 0.012153
0 0.200135 0.742188 0.014468 0.019676
0 0.227623 0.777344 0.009645 0.017072
0 0.179688 0.848958 0.011767 0.009838
0 0.030285 0.802951 0.011960 0.015625
0 0.015721 0.549334 0.009452 0.014757
0 0.290992 0.833189 0.010610 0.016493
0 0.486979 0.540365 0.009838 0.015914
0 0.506944 0.615017 0.008873 0.013600
0 0.604456 0.737703 0.009838 0.014178
0 0.617959 0.734664 0.009066 0.014468
0 0.362365 0.502459 0.009066 0.009549
0 0.609664 0.849248 0.009452 0.006366
0 0.783083 0.785156 0.009452 0.010706
0 0.987558 0.570168 0.012539 0.016493
0 0.983700 0.600405 0.010995 0.013889
0 0.977720 0.634404 0.009066 0.013600
0 0.907022 0.649306 0.011188 0.016782
0 0.892072 0.740017 0.009452 0.012442