0 0.148438 0.393374 0.009452 0.010706
0 0.294946 0.214699 0.010802 0.013889
0 0.329379 0.230179 0.009452 0.016493
0 0.237847 0.234664 0.008102 0.009259
0 0.298708 0.243490 0.006366 0.008970
0 0.225309 0.362992 0.006944 0.007812
0 0.086998 0.203559 0.006944 0.007234
0 0.128183 0.197049 0.009452 0.012153
0 0.300347 0.370081 0.005015 0.010417
0 0.627315 0.299913 0.011574 0.014178
0 0.657890 0.408854 0.011767 0.016782
0 0.437886 0.495804 0.008873 0.010127
0 0.418789 0.206308 0.010417 0.015046
0 0.477816 0.174190 0.011574 0.017940
0 0.533951 0.485388 0.007330 0.015914
0 0.438754 0.310185 0.008295 0.015046
0 0.473862 0.249421 0.007523 0.013310
0 0.454765 0.225694 0.006752 0.008681
0 0.516590 0.370081 0.006559 0.009838
0 0.621046 0.273582 0.006752 0.007812
0 0.932292 0.228443 0.009259 0.013021
0 0.884163 0.297743 0.010610 0.012731
0 0.882041 0.384549 0.009066 0.015046
0 0.927469 0.394531 0.010031 0.013600
0 0.782504 0.480324 0.009452 0.015046
0 0.759452 0.387587 0.008488 0.017650
0 0.810764 0.222367 0.005015 0.011863
0 0.920814 0.182870 0.009452 0.011574
0 0.709008 0.187211 0.008681 0.009259
0 0.816744 0.308449 0.008873 0.011574
0 0.825617 0.333189 0.006944 0.012442
0 0.696566 0.477720 0.007330 0.012731
0 0.769290 0.164931 0.008488 0.010995
0 0.789255 0.201823 0.008295 0.008391
0 0.806327 0.221644 0.005015 0.010995
0 0.775270 0.225260 0.006944 0.008391
0 0.719811 0.262442 0.008681 0.010417
0 0.646412 0.608796 0.007716 0.011574
0 0.645062 0.803819 0.006173 0.010417
0 0.652585 0.728009 0.006559 0.007523
0 0.445216 0.777344 0.005401 0.007234
0 0.472222 0.802083 0.004630 0.007523
0 0.476177 0.808015 0.006366 0.006076
0 0.534047 0.807147 0.005594 0.008391
0 0.419174 0.852286 0.007716 0.007234
0 0.570120 0.861256 0.006752 0.008970
0 0.741223 0.590278 0.009066 0.015046
0 0.816262 0.652922 0.006752 0.011285
0 0.739005 0.690394 0.008102 0.013310
0 0.766300 0.772280 0.009838 0.012731
0 0.994792 0.788194 0.009645 0.011574
0 0.669464 0.803096 0.011381 0.015336
0 0.687886 0.617622 0.008102 0.008970
0 0.716821 0.732639 0.006944 0.008681
0 0.677373 0.637008 0.008681 0.010706
0 0.946470 0.804109 0.005980 0.010995
0 0.757137 0.814670 0.008102 0.008970
0 0.762731 0.842882 0.005787 0.008681
0 0.680266 0.826389 0.004437 0.008102
0 0.879726 0.745660 0.006366 0.009259
0 0.841532 0.739439 0.007909 0.009549
0 0.973573 0.697627 0.005787 0.009838
0 0.772859 0.530237 0.007523 0.009549
0 0.154514 0.718171 0.007716 0.009838
0 0.287423 0.754196 0.006173 0.011863