0 0.111690 0.298322 0.011960 0.013889
0 0.292245 0.225694 0.011188 0.015046
0 0.254244 0.397859 0.008488 0.006944
0 0.265336 0.314670 0.008295 0.011285
0 0.215374 0.350839 0.007523 0.008391
0 0.246238 0.404803 0.008295 0.008102
0 0.166570 0.304109 0.009066 0.010995
0 0.117863 0.176649 0.008488 0.007234
0 0.466049 0.282697 0.010031 0.013889
0 0.476755 0.292245 0.006366 0.017361
0 0.519965 0.392361 0.010995 0.016204
0 0.509838 0.442853 0.011188 0.013600
0 0.604745 0.392072 0.012731 0.013889
0 0.627990 0.382523 0.009838 0.015625
0 0.660590 0.210069 0.009838 0.014468
0 0.566840 0.204716 0.008681 0.017072
0 0.356192 0.329861 0.005594 0.009259
0 0.820988 0.235677 0.008488 0.015914
0 0.961034 0.204282 0.010802 0.013889
0 0.679398 0.350116 0.010031 0.015046
0 0.969811 0.356771 0.008295 0.011574
0 0.880787 0.257234 0.007330 0.012731
0 0.930941 0.156250 0.006173 0.009838
0 0.738715 0.160012 0.008295 0.010417
0 0.987847 0.478588 0.006944 0.010417
0 0.090664 0.632957 0.012346 0.017650
0 0.059703 0.776331 0.012924 0.017361
0 0.143326 0.626447 0.010031 0.018519
0 0.529514 0.598380 0.010031 0.021412
0 0.572242 0.594329 0.010995 0.018519
0 0.653549 0.608507 0.011188 0.018519
0 0.591339 0.801939 0.010610 0.014757
0 0.432002 0.771412 0.012924 0.015625
0 0.534047 0.674190 0.008681 0.012731
0 0.583623 0.827112 0.007909 0.011863
0 0.788291 0.731337 0.010224 0.016493
0 0.730613 0.625289 0.009838 0.015046
0 0.793306 0.791088 0.006752 0.011574
0 0.844522 0.844473 0.008102 0.008970
0 0.845583 0.682147 0.008295 0.010127
0 0.844425 0.725984 0.007909 0.010417
0 0.754437 0.788918 0.008873 0.011863
0 0.722994 0.790509 0.008102 0.010995
0 0.757234 0.602431 0.009066 0.011574