0 0.034915 0.249711 0.016204 0.019097
0 0.128086 0.348958 0.012346 0.015046
0 0.162616 0.212674 0.014660 0.016782
0 0.174190 0.220631 0.009645 0.018808
0 0.207658 0.171441 0.012539 0.013600
0 0.230999 0.183449 0.016011 0.016204
0 0.012924 0.476852 0.011960 0.021412
0 0.428916 0.453125 0.011381 0.016204
0 0.506173 0.475260 0.013889 0.014178
0 0.616416 0.276476 0.012153 0.015914
0 0.645062 0.250579 0.009645 0.016204
0 0.743248 0.313513 0.016590 0.019965
0 0.763696 0.257378 0.016204 0.021123
0 0.817323 0.189091 0.016204 0.017650
0 0.902971 0.274884 0.014275 0.019676
0 0.992573 0.403935 0.011381 0.017361
0 0.932774 0.456453 0.014853 0.014757
0 0.751640 0.493634 0.014853 0.017940
0 0.110725 0.690394 0.013889 0.021412
0 0.119213 0.832755 0.011574 0.021412
0 0.220486 0.715133 0.008102 0.013021
0 0.251833 0.763455 0.010610 0.018229
0 0.283468 0.627604 0.015239 0.016782
0 0.511381 0.789641 0.010417 0.017361
0 0.541860 0.731047 0.009645 0.013021
0 0.917728 0.722367 0.012153 0.016493
0 0.757041 0.525897 0.009838 0.017650
0 0.667052 0.239005 0.010031 0.015046