0 0.112654 0.174334 0.006173 0.013021
0 0.169560 0.258825 0.010031 0.011285
0 0.231481 0.275608 0.010417 0.011285
0 0.257716 0.277344 0.006173 0.010706
0 0.249035 0.460793 0.007330 0.011863
0 0.446856 0.189815 0.015625 0.023148
0 0.502990 0.197627 0.021026 0.022569
0 0.386671 0.226562 0.016397 0.020255
0 0.375868 0.378906 0.011381 0.022859
0 0.338059 0.409578 0.009066 0.014178
0 0.185185 0.558160 0.006559 0.015625
0 0.240451 0.612558 0.007523 0.017361
0 0.120756 0.744068 0.008102 0.012442
0 0.241898 0.803096 0.010031 0.011863
0 0.017650 0.840422 0.007523 0.015914
0 0.395158 0.544705 0.019097 0.022859
0 0.353106 0.594039 0.013696 0.017361
0 0.577257 0.552083 0.014853 0.020833
0 0.576100 0.505498 0.016397 0.009838
0 0.513310 0.579427 0.012731 0.017072
0 0.563754 0.645978 0.012153 0.023438
0 0.694830 0.693576 0.017361 0.020833
0 0.833237 0.780671 0.012153 0.017940
0 0.955440 0.680845 0.014660 0.020255
0 0.949942 0.556858 0.012153 0.016493
0 0.965471 0.553675 0.009645 0.018808
0 0.802180 0.505498 0.016011 0.009838
0 0.821952 0.804253 0.013117 0.018229
0 0.953221 0.658999 0.011767 0.012442
0 0.836613 0.813223 0.009259 0.015914
0 0.845583 0.821904 0.007137 0.013600
0 0.928819 0.738137 0.010802 0.015625