0 0.823110 0.404514 0.010802 0.012731
0 0.777392 0.436198 0.008873 0.013600
0 0.798804 0.484375 0.009645 0.013310
0 0.885127 0.255642 0.010610 0.013600
0 0.744792 0.229167 0.010031 0.011574
0 0.719811 0.229022 0.010995 0.013600
0 0.729263 0.599392 0.008681 0.015914
0 0.908179 0.613137 0.007716 0.010417
0 0.776427 0.680990 0.009259 0.014178
0 0.791474 0.718171 0.010417 0.013889
0 0.671103 0.815683 0.005787 0.016204
0 0.244213 0.253617 0.010802 0.010127
0 0.300733 0.339265 0.010031 0.013021
0 0.458430 0.185909 0.005980 0.011285
0 0.627894 0.494502 0.009645 0.014468
0 0.568866 0.781973 0.006173 0.011863
0 0.052180 0.518953 0.012539 0.016493
0 0.107157 0.674769 0.011767 0.010995
0 0.257137 0.756221 0.008102 0.013600
0 0.263600 0.859230 0.008681 0.013600