0 0.179302 0.464265 0.008681 0.014757
0 0.248746 0.354890 0.011381 0.018808
0 0.047164 0.352575 0.012924 0.015914
0 0.095004 0.277199 0.012924 0.013889
0 0.002508 0.400897 0.004630 0.014757
0 0.114680 0.244068 0.012153 0.015336
0 0.498746 0.348958 0.011381 0.016782
0 0.413966 0.466725 0.013117 0.020833
0 0.384356 0.311198 0.013696 0.017072
0 0.511285 0.194589 0.014082 0.015914
0 0.633391 0.226418 0.010224 0.016493
0 0.659144 0.305411 0.009645 0.019387
0 0.535590 0.160301 0.012539 0.012153
0 0.763889 0.340278 0.010802 0.018519
0 0.753183 0.469763 0.011767 0.015914
0 0.730517 0.259693 0.011188 0.013021
0 0.736979 0.236979 0.011381 0.013889
0 0.905285 0.266059 0.010417 0.014757
0 0.946566 0.267072 0.011574 0.019676
0 0.883681 0.189236 0.011574 0.016204
0 0.151620 0.636140 0.010031 0.019387
0 0.217882 0.539641 0.013696 0.013889
0 0.073881 0.554688 0.013503 0.016204
0 0.005883 0.670139 0.007523 0.015046
0 0.075328 0.766638 0.011767 0.018808
0 0.079572 0.850260 0.011381 0.017072
0 0.404321 0.560619 0.015432 0.015914
0 0.517843 0.647714 0.013310 0.015336
0 0.579861 0.597078 0.009645 0.020544
0 0.556038 0.768808 0.008295 0.021991
0 0.426022 0.837240 0.011767 0.017650
0 0.926794 0.731626 0.012153 0.021701
0 0.844618 0.664786 0.013310 0.016493
0 0.724923 0.520978 0.013117 0.016493
0 0.733410 0.580150 0.011574 0.013889
0 0.751736 0.831163 0.015046 0.019965