0 0.288098 0.425926 0.009066 0.010995
0 0.299865 0.406105 0.006752 0.009549
0 0.287616 0.390480 0.006559 0.008970
0 0.240934 0.344184 0.009645 0.010127
0 0.179495 0.349537 0.005980 0.010417
0 0.271605 0.441985 0.006559 0.009549
0 0.261381 0.474392 0.007716 0.009549
0 0.251736 0.487558 0.006559 0.006944
0 0.223187 0.498409 0.007330 0.008970
0 0.172454 0.503038 0.008488 0.010706
0 0.111593 0.444010 0.007909 0.008970
0 0.103877 0.379340 0.006752 0.011574
0 0.087770 0.394097 0.009259 0.009838
0 0.072434 0.401910 0.006366 0.008102
0 0.014178 0.470197 0.008681 0.009259
0 0.049576 0.317853 0.007716 0.008970
0 0.071663 0.282986 0.006366 0.010995
0 0.088735 0.234664 0.006173 0.009838
0 0.114005 0.196615 0.007330 0.009549
0 0.133295 0.192708 0.006559 0.008681
0 0.154610 0.175781 0.005594 0.009549
0 0.297840 0.233796 0.006559 0.013310
0 0.296393 0.266638 0.008295 0.010127
0 0.311343 0.188947 0.006944 0.010995
0 0.327160 0.175637 0.008102 0.009838
0 0.310378 0.168403 0.008873 0.009259
0 0.286555 0.186343 0.007909 0.009838
0 0.267940 0.189670 0.007716 0.011285
0 0.114487 0.280671 0.008295 0.010417
0 0.117766 0.293547 0.008681 0.011285
0 0.128376 0.308738 0.008681 0.010417
0 0.014660 0.238281 0.006559 0.010127
0 0.088349 0.174624 0.006559 0.011863
0 0.003472 0.337095 0.006559 0.009838
0 0.155093 0.249855 0.005787 0.007812
0 0.109857 0.467737 0.007523 0.010706
0 0.465953 0.476562 0.009452 0.012153
0 0.523920 0.416956 0.009259 0.010995
0 0.584587 0.444444 0.007909 0.011574
0 0.578221 0.478443 0.008681 0.010706
0 0.603106 0.265625 0.006366 0.010995
0 0.659144 0.198495 0.008873 0.009838
0 0.561825 0.266638 0.007137 0.008970
0 0.511285 0.325666 0.006366 0.009549
0 0.498843 0.334635 0.006559 0.010706
0 0.469715 0.337674 0.006173 0.010417
0 0.392747 0.372106 0.008488 0.009838
0 0.426408 0.276042 0.009066 0.011574
0 0.476852 0.226707 0.007716 0.011285
0 0.506269 0.224537 0.007909 0.011574
0 0.543692 0.220631 0.007137 0.009549
0 0.548225 0.203414 0.008102 0.010417
0 0.573206 0.206019 0.007137 0.011574
0 0.546971 0.175781 0.008295 0.007812
0 0.407311 0.202546 0.009838 0.009259
0 0.429109 0.175058 0.007137 0.012731
0 0.419753 0.172020 0.006944 0.008970
0 0.413002 0.178385 0.006559 0.010706
0 0.357639 0.200666 0.006944 0.009549
0 0.339796 0.196036 0.007909 0.013600
0 0.573399 0.243924 0.006752 0.011574
0 0.584491 0.248987 0.006944 0.008970
0 0.598862 0.225260 0.005980 0.011863
0 0.608314 0.217737 0.006752 0.010706
0 0.643519 0.385706 0.006944 0.010417
0 0.467303 0.275897 0.005980 0.008970
0 0.792342 0.296007 0.010610 0.011574
0 0.829958 0.305845 0.008295 0.011574
0 0.836998 0.354022 0.008488 0.013021
0 0.857639 0.341725 0.008873 0.010417
0 0.864487 0.394387 0.008295 0.010995
0 0.762442 0.369068 0.006366 0.011863
0 0.745949 0.435041 0.008873 0.014757
0 0.747975 0.446615 0.010995 0.010127
0 0.708430 0.323206 0.009066 0.012731
0 0.718943 0.274306 0.009259 0.012153
0 0.762249 0.236979 0.007523 0.010417
0 0.786844 0.188079 0.008102 0.010995
0 0.755498 0.178964 0.007137 0.010706
0 0.764082 0.201678 0.005787 0.010417
0 0.769483 0.206019 0.006559 0.012153
0 0.962384 0.317998 0.008488 0.016204
0 0.975019 0.493490 0.010224 0.013600
0 0.679688 0.262153 0.008681 0.010995
0 0.680748 0.239294 0.011960 0.012731
0 0.674672 0.500723 0.007523 0.013021
0 0.840953 0.508391 0.007523 0.010995
0 0.904803 0.492043 0.005980 0.012442
0 0.979649 0.256366 0.006366 0.014468
0 0.986883 0.211950 0.005015 0.008970
0 0.887153 0.184172 0.006559 0.007812
0 0.717303 0.334635 0.004437 0.008391
0 0.056617 0.750868 0.005980 0.010995
0 0.038966 0.715712 0.008488 0.014757
0 0.004630 0.667535 0.008873 0.010995
0 0.089892 0.657697 0.008102 0.010995
0 0.125193 0.647569 0.006944 0.012153
0 0.174672 0.721499 0.007523 0.010706
0 0.197531 0.763166 0.007716 0.013600
0 0.190779 0.805845 0.009645 0.011574
0 0.138407 0.754196 0.007909 0.011863
0 0.116512 0.830150 0.005401 0.012153
0 0.246335 0.554832 0.009645 0.011285
0 0.273823 0.577402 0.009452 0.011863
0 0.297936 0.581453 0.008295 0.014178
0 0.305748 0.598958 0.010031 0.012153
0 0.286748 0.601852 0.009838 0.012153
0 0.240548 0.701823 0.007330 0.013021
0 0.269290 0.745515 0.008488 0.011863
0 0.287037 0.715712 0.008488 0.011285
0 0.276235 0.805122 0.009259 0.010706
0 0.251833 0.830584 0.008295 0.011285
0 0.294753 0.701100 0.010031 0.010995
0 0.317130 0.714410 0.007716 0.013310
0 0.235340 0.779659 0.007716 0.010706
0 0.054109 0.541667 0.007909 0.010417
0 0.013600 0.807726 0.006366 0.011285
0 0.473476 0.575521 0.007137 0.009838
0 0.419753 0.596499 0.007716 0.008970
0 0.524306 0.613281 0.007716 0.008391
0 0.572627 0.524740 0.009066 0.011863
0 0.583526 0.531539 0.006173 0.010417
0 0.624132 0.530093 0.007909 0.010995
0 0.587095 0.622106 0.007909 0.009838
0 0.620563 0.581453 0.007330 0.007234
0 0.614873 0.636863 0.008681 0.009838
0 0.681134 0.537037 0.007330 0.008681
0 0.803144 0.563223 0.005208 0.007234
0 0.784722 0.572483 0.005787 0.007812
0 0.834877 0.646991 0.005015 0.008681
0 0.907311 0.602720 0.006752 0.009838
0 0.923708 0.637876 0.007137 0.008970
0 0.989873 0.587240 0.005594 0.008970
0 0.996817 0.558883 0.006366 0.011863
0 0.781732 0.823640 0.006752 0.011863
0 0.803434 0.749277 0.007330 0.012442
0 0.839988 0.765191 0.006366 0.010706
0 0.852913 0.748987 0.005594 0.008391
0 0.862172 0.734375 0.006366 0.009259
0 0.861015 0.784288 0.004823 0.008391
0 0.890914 0.718605 0.007137 0.011863
0 0.938754 0.742188 0.006752 0.010995
0 0.974441 0.713397 0.007523 0.008391
0 0.964120 0.755064 0.006944 0.011285
0 0.996335 0.739294 0.007330 0.009259
0 0.598380 0.832321 0.008102 0.010706
0 0.658179 0.810041 0.007330 0.010706
0 0.676408 0.724826 0.008681 0.010995
0 0.691937 0.728154 0.008873 0.011863
0 0.692130 0.762008 0.007716 0.012442
0 0.714120 0.750868 0.007330 0.010417
0 0.679880 0.789062 0.006366 0.010417
0 0.732253 0.782263 0.007330 0.010706
0 0.695216 0.825231 0.006173 0.010995
0 0.683642 0.834491 0.005787 0.009259
0 0.741705 0.762297 0.006173 0.007812
0 0.497492 0.766204 0.006944 0.009259
0 0.341725 0.752604 0.006752 0.008681
0 0.344329 0.688513 0.005401 0.010706
0 0.339796 0.811632 0.005208 0.008681
0 0.494599 0.709346 0.006173 0.006655
0 0.407986 0.763310 0.006559 0.010995
0 0.443673 0.781105 0.005787 0.008391
0 0.372589 0.847801 0.009452 0.010995
0 0.417535 0.836950 0.008295 0.009549
0 0.451100 0.863281 0.009452 0.008391
0 0.469039 0.800203 0.006366 0.012442
0 0.527392 0.834057 0.005401 0.007812
0 0.368056 0.647714 0.006559 0.007234
0 0.342207 0.651331 0.006944 0.009259
0 0.474151 0.162326 0.008873 0.007523
0 0.704475 0.612269 0.007330 0.014468
0 0.964217 0.694300 0.007523 0.007812