2 0.066262 0.251447 0.031829 0.032986
2 0.187596 0.247975 0.026813 0.038194
2 0.048032 0.365162 0.025077 0.031829
2 0.266782 0.423322 0.028549 0.041088
2 0.265239 0.459925 0.022762 0.037905
2 0.148630 0.445457 0.021798 0.018808
2 0.155961 0.478009 0.018326 0.031829
2 0.168885 0.477865 0.016011 0.024595
2 0.488908 0.464988 0.035687 0.033565
2 0.035494 0.610243 0.028935 0.048032
2 0.346644 0.630353 0.033565 0.037905
2 0.699267 0.553241 0.025463 0.047454
2 0.709008 0.172164 0.025656 0.050347
2 0.753279 0.302373 0.035108 0.042245
2 0.771316 0.234375 0.026813 0.057870
2 0.780671 0.397859 0.021991 0.045718