2 0.292631 0.500289 0.033951 0.043981
2 0.385320 0.357205 0.027585 0.039641
2 0.643904 0.263166 0.022377 0.037905
2 0.633102 0.206453 0.032407 0.033275
2 0.710552 0.289062 0.022955 0.049190
2 0.758970 0.453414 0.021026 0.050347
2 0.874421 0.404080 0.032407 0.031539
2 0.907022 0.421586 0.020833 0.050926
2 0.990837 0.468750 0.018326 0.038773
2 0.873360 0.212963 0.019483 0.041667
2 0.599344 0.781973 0.030864 0.032697
2 0.961806 0.737124 0.035108 0.034433
2 0.760513 0.509983 0.020640 0.035590
2 0.800829 0.525029 0.029900 0.031539
2 0.991898 0.249277 0.016204 0.047164
2 0.783951 0.195312 0.022762 0.026620