2 0.025367 0.268519 0.032600 0.037037
2 0.067226 0.310764 0.030671 0.031250
2 0.070891 0.467737 0.025656 0.040799
2 0.179591 0.312645 0.026235 0.033275
2 0.199749 0.201389 0.027971 0.030093
2 0.318673 0.196325 0.024691 0.036169
2 0.290413 0.430556 0.018326 0.042245
2 0.402585 0.373843 0.022762 0.038194
2 0.399981 0.414062 0.017554 0.040509
2 0.623360 0.416088 0.030671 0.037037
2 0.884549 0.253328 0.032600 0.039062
2 0.913387 0.347656 0.018519 0.046007
2 0.903164 0.184028 0.023148 0.053819
2 0.166956 0.556279 0.025270 0.044850
2 0.480710 0.578704 0.033565 0.042245
2 0.832369 0.501736 0.026235 0.052662
2 0.281829 0.395255 0.018519 0.021412
2 0.303144 0.427373 0.013310 0.027199
2 0.844232 0.134693 0.023341 0.029225