2 0.064429 0.246817 0.028549 0.029514
2 0.185185 0.239439 0.022762 0.033275
2 0.048611 0.360677 0.029707 0.028646
2 0.265625 0.416233 0.026620 0.035590
2 0.264468 0.455006 0.016975 0.035590
2 0.156250 0.474103 0.017747 0.051215
2 0.035301 0.604456 0.026235 0.050347
2 0.346740 0.622975 0.034144 0.037037
2 0.488812 0.456308 0.030864 0.035301
2 0.769290 0.219763 0.024306 0.057581
2 0.752990 0.288050 0.032986 0.035590
2 0.708430 0.165509 0.024113 0.037037
2 0.780478 0.385127 0.020448 0.044560
2 0.698399 0.541522 0.025270 0.044271
2 0.147762 0.439236 0.019290 0.017940
2 0.167921 0.472801 0.012539 0.027778