2 0.112847 0.253328 0.028935 0.027488
2 0.235050 0.252170 0.022184 0.035590
2 0.094715 0.365162 0.028549 0.028356
2 0.313079 0.428385 0.021219 0.035012
2 0.310957 0.468605 0.017747 0.039641
2 0.202160 0.478733 0.018904 0.035012
2 0.534240 0.474248 0.028742 0.027199
2 0.081211 0.610243 0.024306 0.040509
2 0.390818 0.635272 0.033951 0.030961
2 0.747685 0.564670 0.024306 0.041377
2 0.757716 0.184896 0.021605 0.044560
2 0.817323 0.243345 0.024306 0.053819
2 0.801794 0.309462 0.032600 0.033854
2 0.828125 0.408420 0.019290 0.047164
2 0.214603 0.480758 0.018711 0.024016
2 0.195698 0.451100 0.023341 0.023727