2 0.505787 0.486834 0.020448 0.041377
2 0.386574 0.473524 0.023148 0.037905
2 0.348476 0.403067 0.017168 0.031250
2 0.428241 0.494213 0.018904 0.027778
2 0.343075 0.383536 0.018326 0.036169
2 0.836613 0.420862 0.025849 0.035590
2 0.057677 0.204572 0.019676 0.032407
2 0.378472 0.342014 0.027006 0.032986
2 0.411362 0.464699 0.016397 0.032986
2 0.656154 0.541811 0.021026 0.027488
2 0.654900 0.556568 0.022377 0.020544
2 0.644869 0.300058 0.018519 0.032407
2 0.632234 0.791522 0.020255 0.039641
2 0.616127 0.796152 0.013503 0.034433