2 0.123457 0.211950 0.028935 0.026910
2 0.245467 0.211227 0.023727 0.038194
2 0.103781 0.325231 0.025849 0.027778
2 0.321277 0.389612 0.020255 0.037326
2 0.319830 0.427662 0.013503 0.035301
2 0.211516 0.437645 0.015239 0.036169
2 0.543885 0.441985 0.031829 0.032697
2 0.086323 0.569734 0.018326 0.044560
2 0.399209 0.599682 0.032600 0.035590
2 0.204186 0.409578 0.017168 0.017072
2 0.224055 0.440828 0.016011 0.029803
2 0.755691 0.534288 0.029900 0.047743
2 0.768326 0.153501 0.023148 0.046007
2 0.829475 0.216435 0.024691 0.054977
2 0.809317 0.283131 0.034529 0.033854
2 0.837770 0.381221 0.021219 0.043113