2 0.378858 0.336661 0.018519 0.036748
2 0.341917 0.376591 0.012924 0.033275
2 0.349537 0.390191 0.017361 0.036748
2 0.384934 0.468461 0.021026 0.039352
2 0.411844 0.462384 0.015432 0.032407
2 0.504823 0.492332 0.017747 0.033275
2 0.425251 0.489439 0.017554 0.029225
2 0.649209 0.309028 0.015625 0.030093
2 0.840471 0.450666 0.032022 0.041377
2 0.654032 0.557581 0.021798 0.018519
2 0.650752 0.574653 0.021798 0.020255
2 0.621046 0.802228 0.022955 0.036748
2 0.604167 0.805990 0.013889 0.035012
2 0.064043 0.174769 0.018519 0.028356