0 0.095583 0.240596 0.014082 0.017072
0 0.182485 0.311343 0.011188 0.013310
0 0.268229 0.255498 0.009452 0.018519
0 0.284240 0.247106 0.010610 0.017361
0 0.102238 0.481626 0.011574 0.014757
0 0.060185 0.449074 0.011574 0.014468
2 0.235822 0.343461 0.037616 0.035880
0 0.624807 0.381510 0.014275 0.019965
0 0.430556 0.171730 0.010802 0.018229
0 0.070795 0.663918 0.013889 0.014757
0 0.195023 0.552373 0.011960 0.016782
0 0.363522 0.678241 0.010995 0.015046
0 0.438175 0.604311 0.009838 0.016493
0 0.491030 0.526765 0.014468 0.017650
0 0.613715 0.564815 0.014468 0.017361
0 0.660783 0.621672 0.012924 0.017650
0 0.859279 0.753038 0.008681 0.017072
0 0.797357 0.830006 0.012924 0.017072
0 0.696566 0.844473 0.007716 0.012442