0 0.045910 0.204572 0.011188 0.016204
0 0.101659 0.201389 0.006944 0.015046
0 0.143229 0.191551 0.008681 0.012153
0 0.116995 0.335648 0.010224 0.012153
0 0.333623 0.465278 0.007909 0.011574
2 0.480613 0.266493 0.026427 0.038194
0 0.624518 0.290365 0.010224 0.014757
0 0.479842 0.388889 0.011767 0.013889
2 0.443094 0.371383 0.032793 0.044850
0 0.154996 0.638455 0.008681 0.008970
0 0.119599 0.758536 0.007716 0.011285
0 0.160494 0.812789 0.007330 0.010995
0 0.280093 0.822772 0.007716 0.013021
0 0.407118 0.640625 0.009452 0.009838
0 0.482446 0.620660 0.010417 0.015046
0 0.546875 0.580295 0.010417 0.014757
0 0.593557 0.614005 0.008488 0.011574
0 0.467689 0.740596 0.009452 0.011863
0 0.745949 0.675347 0.008102 0.011574
0 0.884742 0.719329 0.010610 0.014468
0 0.898148 0.661169 0.008488 0.011574
0 0.987654 0.741175 0.010031 0.015336
0 0.997106 0.649161 0.005787 0.011863
0 0.926987 0.342593 0.009452 0.012153