2 0.078029 0.176649 0.041474 0.050058
0 0.035397 0.303964 0.010224 0.015914
0 0.232157 0.297598 0.010224 0.013600
0 0.158661 0.437789 0.009452 0.015046
0 0.390721 0.275463 0.009452 0.011574
0 0.518326 0.180411 0.008102 0.012442
0 0.620853 0.304253 0.009838 0.015336
0 0.065876 0.587240 0.009838 0.014178
0 0.050347 0.503328 0.008102 0.010706
0 0.214796 0.815104 0.010224 0.012153
0 0.085166 0.797164 0.007909 0.012153
2 0.021798 0.823929 0.026620 0.028067
2 0.023727 0.800203 0.019290 0.026910
2 0.615837 0.654948 0.032600 0.035590
0 0.639082 0.501736 0.011574 0.012153
0 0.750482 0.510417 0.010995 0.014468
0 0.780575 0.733073 0.009066 0.013600
0 0.704090 0.763021 0.009645 0.011574
0 0.672743 0.494647 0.007137 0.008970
0 0.870949 0.212240 0.007716 0.009549
0 0.937018 0.293692 0.007523 0.013310
2 0.663002 0.277922 0.023148 0.037326