2 0.510224 0.393229 0.032022 0.038773
2 0.658661 0.282841 0.037230 0.040799
2 0.338831 0.342737 0.021412 0.037905
2 0.706983 0.254051 0.034722 0.027199
2 0.869792 0.186198 0.029707 0.042535
0 0.918113 0.268229 0.009452 0.015625
2 0.236015 0.552228 0.021798 0.048322
0 0.374711 0.694300 0.010995 0.014757
0 0.400945 0.700955 0.010610 0.015914
2 0.780382 0.779948 0.019483 0.044271
0 0.731578 0.675492 0.010224 0.014757
2 0.043596 0.346354 0.020833 0.041667
2 0.264757 0.240307 0.033758 0.025174
0 0.291377 0.266927 0.007909 0.011863
2 0.550154 0.151476 0.038194 0.030382