0 0.225791 0.416377 0.009066 0.015046
0 0.234857 0.185185 0.012153 0.016782
0 0.572338 0.445602 0.012346 0.016204
0 0.577064 0.345197 0.009452 0.014468
2 0.984086 0.361834 0.025270 0.046007
0 0.792245 0.333189 0.010802 0.013600
0 0.745370 0.252459 0.011960 0.016493
0 0.010513 0.838252 0.009066 0.013310
0 0.578318 0.530671 0.011188 0.016204
0 0.596161 0.576534 0.010995 0.011863
0 0.614969 0.557002 0.009645 0.015046
0 0.633295 0.544560 0.007716 0.012153
0 0.614583 0.674190 0.011574 0.017940
2 0.765529 0.582031 0.030285 0.024016
2 0.760127 0.610966 0.029900 0.033275
2 0.907407 0.684751 0.032407 0.048900
0 0.705729 0.793113 0.010610 0.016204
0 0.772377 0.508536 0.009259 0.011863
0 0.756848 0.369936 0.008681 0.012442