2 0.748939 0.430122 0.039545 0.036169
0 0.976080 0.441117 0.011188 0.020544
0 0.702450 0.375145 0.011381 0.015336
0 0.771123 0.335069 0.011767 0.017940
0 0.731481 0.181858 0.010031 0.017072
0 0.859664 0.201534 0.009452 0.015336
0 0.910301 0.255208 0.011188 0.016204
2 0.043789 0.832176 0.021605 0.020833
0 0.094232 0.709635 0.012539 0.018808
0 0.040606 0.727865 0.014853 0.017650
0 0.379437 0.660156 0.008102 0.014757
0 0.530189 0.531539 0.014082 0.018519
0 0.604456 0.693432 0.012924 0.019965
2 0.554880 0.589988 0.024113 0.045718
2 0.509549 0.827257 0.031057 0.025463
0 0.813657 0.653501 0.011188 0.015914
0 0.830826 0.761863 0.011574 0.017361
0 0.949942 0.694589 0.010995 0.015914
0 0.739873 0.558160 0.011767 0.018519
2 0.758873 0.823495 0.027392 0.038194
0 0.084973 0.172454 0.010224 0.013310
0 0.221836 0.227865 0.010802 0.014178
0 0.469329 0.337818 0.010031 0.013021
0 0.589796 0.396846 0.011767 0.017072
2 0.004823 0.678819 0.009259 0.018519