0 0.983700 0.254051 0.009838 0.012153
0 0.839506 0.802807 0.006559 0.008970
0 0.909819 0.734086 0.008295 0.013310
0 0.905961 0.807292 0.005980 0.008681
0 0.383102 0.754340 0.007330 0.009259
0 0.480131 0.689091 0.005015 0.009549
0 0.459298 0.786892 0.006944 0.011863
0 0.223958 0.610677 0.009645 0.012442
0 0.048611 0.653935 0.006559 0.011574
0 0.214603 0.830150 0.007909 0.010995
0 0.011574 0.502894 0.007330 0.009259
0 0.122106 0.356337 0.007330 0.010127
0 0.629051 0.180122 0.006559 0.010127
0 0.534144 0.390191 0.007716 0.008970
0 0.643036 0.560619 0.006752 0.014757
0 0.481481 0.467448 0.008488 0.011863