0 0.747685 0.812934 0.007716 0.012442
0 0.899498 0.829138 0.010031 0.015914
0 0.921200 0.778356 0.010995 0.015046
0 0.985629 0.845486 0.010224 0.014468
0 0.039834 0.222656 0.007137 0.009549
0 0.104263 0.219039 0.007523 0.011574
0 0.108603 0.245804 0.005787 0.011285
0 0.176408 0.282118 0.008295 0.011574
0 0.113329 0.463108 0.007523 0.011285
0 0.166088 0.517216 0.006944 0.011285
0 0.205729 0.543403 0.007909 0.010995
0 0.170525 0.566551 0.007330 0.009838
0 0.142554 0.643229 0.009259 0.010417
0 0.126929 0.719039 0.007716 0.008681
0 0.328414 0.614149 0.007137 0.011863
0 0.401138 0.550781 0.005980 0.010706
0 0.276235 0.502604 0.006559 0.008102
0 0.331501 0.349103 0.006752 0.010706
0 0.425154 0.282986 0.005401 0.011574
0 0.257427 0.185041 0.009066 0.008391
0 0.431906 0.170573 0.008488 0.009549
0 0.469136 0.238281 0.006944 0.008970
0 0.491705 0.267216 0.007330 0.010127
0 0.604360 0.184751 0.005787 0.010706
0 0.517940 0.402778 0.006173 0.008102
0 0.583140 0.426071 0.008873 0.010706
0 0.611304 0.482494 0.006559 0.008970
0 0.506462 0.531829 0.007909 0.008102
0 0.605710 0.543113 0.006944 0.010417
0 0.518036 0.694878 0.009452 0.014757
0 0.618731 0.757812 0.005594 0.009838
0 0.469522 0.839410 0.007716 0.012731
0 0.479649 0.833623 0.007523 0.009838
0 0.982928 0.490017 0.005980 0.011863
0 0.876061 0.394965 0.005980 0.010995
0 0.849730 0.347946 0.006944 0.010706
0 0.923515 0.180990 0.009066 0.012442
0 0.897473 0.230613 0.007523 0.009259
0 0.898245 0.260127 0.005980 0.010417
0 0.944927 0.165220 0.007909 0.010995
0 0.968268 0.207031 0.007909 0.008391
0 0.981771 0.215133 0.004823 0.008970
0 0.909144 0.206597 0.005787 0.007523
0 0.737944 0.286603 0.007137 0.010706
0 0.696181 0.356771 0.009259 0.012731