0 0.503954 0.419271 0.009066 0.014468
0 0.467978 0.386429 0.008488 0.011863
0 0.509934 0.353443 0.007909 0.013600
0 0.526620 0.400174 0.008873 0.013310
0 0.799576 0.352865 0.010031 0.013600
0 0.752218 0.509983 0.009066 0.013021
0 0.932002 0.205150 0.015625 0.019676
0 0.984182 0.479745 0.009259 0.012153
0 0.418596 0.572049 0.010417 0.012731
0 0.510031 0.575810 0.010802 0.013889
0 0.377315 0.625579 0.009645 0.015046
0 0.633295 0.613137 0.010031 0.013889
0 0.183449 0.215422 0.005401 0.008970
0 0.069541 0.518084 0.006366 0.008391
0 0.063368 0.710503 0.006366 0.009549
0 0.654707 0.534722 0.006944 0.010995