0 0.357928 0.319155 0.010995 0.014468
0 0.386574 0.434751 0.010417 0.012442
0 0.463349 0.500434 0.010031 0.013600
0 0.547164 0.382234 0.009838 0.015046
0 0.733507 0.281684 0.013310 0.013021
0 0.751543 0.321036 0.010031 0.012442
0 0.734857 0.392650 0.010224 0.014468
0 0.770062 0.406684 0.010802 0.013021
0 0.972126 0.287905 0.012153 0.016782
0 0.993538 0.518374 0.007909 0.011863
0 0.670910 0.257812 0.008102 0.012153
0 0.293692 0.827546 0.010995 0.015625
0 0.178530 0.792679 0.008681 0.013021
0 0.150945 0.557581 0.009452 0.012153
0 0.048515 0.589699 0.007909 0.013310
0 0.724730 0.610966 0.011188 0.014757
0 0.763792 0.647714 0.012153 0.013600
0 0.829090 0.710214 0.010802 0.011285
0 0.799479 0.857784 0.008295 0.014757
0 0.844232 0.802083 0.008295 0.015625
0 0.856771 0.788339 0.009066 0.013600
0 0.877411 0.765914 0.007523 0.014468
0 0.888407 0.841580 0.009452 0.010127
0 0.970004 0.860532 0.009066 0.010995
0 0.717207 0.819300 0.008873 0.012442
0 0.059124 0.205584 0.006752 0.010127
0 0.397955 0.849537 0.008102 0.010417
0 0.334780 0.898727 0.008295 0.008681
0 0.453221 0.899306 0.009452 0.009259
0 0.537809 0.859520 0.006559 0.010127
0 0.572917 0.765336 0.005787 0.010995