0 0.229649 0.228009 0.009838 0.015625
0 0.246914 0.350116 0.011188 0.017361
0 0.300733 0.284867 0.014660 0.014757
0 0.084298 0.444010 0.010802 0.011863
0 0.141107 0.473524 0.011381 0.014178
0 0.005883 0.456742 0.011381 0.015336
0 0.107446 0.397135 0.010031 0.010706
0 0.844136 0.246817 0.010417 0.012731
0 0.887635 0.270833 0.009066 0.017940
0 0.783275 0.231047 0.011381 0.017650
0 0.970583 0.454427 0.011767 0.011863
0 0.976562 0.440394 0.010224 0.010995
0 0.965567 0.859520 0.011381 0.015914
0 0.728974 0.848814 0.012346 0.013600
0 0.512153 0.299479 0.009259 0.014468
0 0.343171 0.506944 0.008873 0.011574
0 0.362365 0.461950 0.006366 0.010127
0 0.372299 0.482205 0.006559 0.011285
0 0.524498 0.518229 0.008488 0.011574
0 0.164448 0.527778 0.007523 0.012153
0 0.543017 0.743490 0.006944 0.008391
0 0.734568 0.241175 0.008102 0.012442
0 0.843557 0.295862 0.006559 0.008391
0 0.604456 0.871238 0.006752 0.008102