0 0.531057 0.420573 0.010031 0.014757
0 0.599441 0.454572 0.006366 0.013310
0 0.416377 0.203414 0.011767 0.013889
0 0.411458 0.377025 0.009259 0.012153
0 0.634066 0.308594 0.009645 0.015336
0 0.689815 0.493634 0.010802 0.016782
0 0.841049 0.398727 0.012731 0.013310
0 0.749325 0.493634 0.012539 0.016204
0 0.834780 0.248987 0.010995 0.015336
0 0.153067 0.855469 0.011767 0.015914
0 0.249711 0.535446 0.011381 0.015336
0 0.504630 0.790220 0.012346 0.017940
0 0.579765 0.601273 0.011381 0.017361
0 0.698495 0.605903 0.012731 0.022569
0 0.692323 0.656105 0.009645 0.015336
0 0.743056 0.653212 0.010417 0.014178
0 0.851659 0.748553 0.013503 0.016204
0 0.959105 0.597801 0.009645 0.014468
0 0.987944 0.859230 0.009838 0.011285
0 0.861304 0.814670 0.010802 0.012442
0 0.283179 0.186343 0.006944 0.011574
0 0.449749 0.156105 0.009066 0.007812