0 0.441551 0.617188 0.012346 0.015625
0 0.534144 0.750868 0.011574 0.015046
0 0.473380 0.659288 0.006559 0.010706
0 0.525270 0.826100 0.009259 0.015046
0 0.540413 0.841435 0.007523 0.010417
0 0.636381 0.622685 0.010417 0.010995
0 0.481481 0.662616 0.009259 0.010417
0 0.966242 0.702836 0.013503 0.015046
0 0.697338 0.692130 0.013889 0.015625
0 0.983025 0.846209 0.006944 0.011863
0 0.076871 0.401042 0.006752 0.012153
0 0.068191 0.484230 0.007137 0.009549
0 0.342400 0.426215 0.009645 0.010995
0 0.465856 0.406829 0.006559 0.013310
0 0.372589 0.192564 0.007523 0.013021
0 0.822531 0.186487 0.007330 0.010706
0 0.878183 0.185041 0.007909 0.009549
0 0.436921 0.328848 0.006944 0.009549