0 0.237461 0.226128 0.011960 0.019387
0 0.138985 0.419850 0.009838 0.015046
0 0.157215 0.448351 0.011188 0.013600
0 0.224826 0.438657 0.010224 0.016782
0 0.243441 0.416956 0.010417 0.015625
0 0.019579 0.383391 0.009066 0.015046
0 0.031057 0.261429 0.011574 0.013021
0 0.027874 0.241175 0.010610 0.013021
0 0.013696 0.349826 0.010802 0.016204
0 0.345486 0.270689 0.010031 0.015914
0 0.503665 0.381944 0.008873 0.012153
0 0.345968 0.377459 0.011381 0.014178
0 0.514275 0.227575 0.010802 0.012442
0 0.593075 0.262442 0.009452 0.012731
0 0.700521 0.404369 0.009452 0.015914
0 0.713542 0.524016 0.008488 0.013310
0 0.780189 0.461516 0.009066 0.016204
0 0.922647 0.470341 0.010802 0.014757
0 0.957755 0.467159 0.010417 0.015914
0 0.866416 0.214410 0.006752 0.010995
0 0.848958 0.176649 0.010031 0.010706
0 0.720100 0.321036 0.010417 0.012442
0 0.672936 0.304832 0.006752 0.011285
0 0.752894 0.245660 0.007330 0.013310
0 0.622010 0.883970 0.010995 0.012153
0 0.395737 0.868779 0.012539 0.016493
0 0.372782 0.811487 0.009838 0.010706
0 0.382234 0.719907 0.009838 0.013889
0 0.715471 0.692708 0.011960 0.012731
0 0.700907 0.779225 0.010610 0.016782
0 0.750386 0.841725 0.010417 0.014468
0 0.876350 0.754340 0.008102 0.012731
0 0.893036 0.608218 0.007909 0.014468
0 0.931906 0.585359 0.010417 0.014468
0 0.996431 0.596499 0.005594 0.007234
0 0.993248 0.589265 0.005787 0.006655
0 0.889468 0.831019 0.007716 0.007523
0 0.908951 0.802807 0.007330 0.010706
0 0.956211 0.880932 0.008488 0.010706
0 0.883005 0.735532 0.005980 0.007523
0 0.323495 0.668113 0.008102 0.012731
0 0.169753 0.677951 0.007716 0.010417
0 0.186921 0.658565 0.005401 0.011574
0 0.272184 0.846209 0.005787 0.007234