0 0.320602 0.398293 0.008488 0.011285
0 0.230710 0.442853 0.009259 0.011863
0 0.140432 0.458767 0.008102 0.010127
0 0.171103 0.456308 0.005787 0.008681
0 0.148341 0.375868 0.008873 0.011574
0 0.166281 0.417245 0.007330 0.009838
0 0.615162 0.188657 0.008873 0.011574
0 0.635802 0.187934 0.010417 0.010127
0 0.638985 0.206163 0.008681 0.011863
0 0.469907 0.269965 0.009645 0.013889
0 0.465471 0.300347 0.008873 0.012153
0 0.385899 0.341580 0.009066 0.012442
0 0.348765 0.406105 0.008873 0.011285
0 0.342014 0.454427 0.009645 0.010706
0 0.409819 0.470197 0.009066 0.012153
0 0.563465 0.339120 0.009259 0.011574
0 0.781829 0.392650 0.009259 0.013889
0 0.829861 0.421007 0.008488 0.012153
0 0.962481 0.359664 0.009452 0.013889
0 0.845775 0.466725 0.010610 0.014468
0 0.278164 0.534144 0.006944 0.011574
0 0.266782 0.572193 0.007716 0.011285
0 0.160108 0.582755 0.008488 0.009259
0 0.313465 0.492766 0.007716 0.012153
0 0.323206 0.585069 0.008295 0.012731
0 0.176601 0.680700 0.007523 0.011863
0 0.338059 0.533420 0.007909 0.009549
0 0.450039 0.504919 0.010802 0.013889
0 0.479360 0.507378 0.010802 0.015336
0 0.570602 0.568576 0.009259 0.015046
0 0.613908 0.537326 0.011381 0.015046
0 0.500868 0.695168 0.009452 0.013021
0 0.651524 0.682002 0.008681 0.011574
0 0.336709 0.678241 0.006366 0.014468
0 0.348187 0.559172 0.009259 0.013600
0 0.404900 0.762153 0.006559 0.013310
0 0.819541 0.486979 0.010610 0.013310
0 0.917824 0.633247 0.011574 0.009549
0 0.672164 0.689236 0.009838 0.010417
0 0.670139 0.757378 0.008873 0.011863
0 0.794657 0.692274 0.010224 0.011285
0 0.806617 0.675637 0.010224 0.011574
0 0.942515 0.826534 0.009259 0.012442
0 0.965471 0.614728 0.007716 0.010706
0 0.196373 0.476418 0.004630 0.010127
0 0.145255 0.414786 0.006944 0.007812