0 0.460745 0.203414 0.008295 0.012153
0 0.512828 0.158709 0.009066 0.013021
0 0.459491 0.367332 0.008488 0.012442
0 0.542535 0.279803 0.006366 0.010417
0 0.562982 0.449653 0.009452 0.016204
0 0.858893 0.198061 0.011767 0.014178
0 0.742188 0.455874 0.009452 0.013600
0 0.894869 0.272569 0.010802 0.015625
0 0.496528 0.766782 0.008488 0.012153
0 0.486497 0.598380 0.008873 0.013889
0 0.515143 0.587529 0.007909 0.013021
0 0.881173 0.581597 0.007716 0.010995
0 0.866995 0.788773 0.009838 0.013889
0 0.830343 0.608507 0.010610 0.010995
0 0.759742 0.547454 0.010224 0.009838
0 0.536651 0.279369 0.004630 0.007812
0 0.313754 0.345052 0.007523 0.012442
0 0.132137 0.458623 0.007330 0.008681
0 0.170910 0.474392 0.005787 0.010706
0 0.148823 0.534288 0.009066 0.010127
0 0.162326 0.774306 0.005208 0.010417