0 0.429109 0.309172 0.007137 0.013600
0 0.441744 0.353443 0.009259 0.011863
0 0.435957 0.421875 0.008102 0.011574
0 0.550058 0.427517 0.008681 0.011863
0 0.488908 0.445457 0.009452 0.011863
0 0.474151 0.309606 0.007716 0.012153
0 0.581211 0.310475 0.008102 0.013310
0 0.627411 0.277922 0.008295 0.010706
0 0.590085 0.232784 0.009645 0.012442
0 0.460841 0.182870 0.008488 0.012153
0 0.663773 0.280382 0.006944 0.008681
0 0.654803 0.420862 0.007137 0.010706
0 0.711227 0.170862 0.006944 0.010127
0 0.685282 0.144965 0.007909 0.011574
0 0.729456 0.197627 0.007909 0.009259
0 0.730613 0.207321 0.008295 0.010127
0 0.728106 0.238281 0.008681 0.013600
0 0.744985 0.311343 0.006944 0.010417
0 0.685282 0.432870 0.008295 0.011574
0 0.806713 0.465422 0.006944 0.011863
0 0.813561 0.466580 0.004823 0.012442
0 0.811343 0.339699 0.006173 0.011574
0 0.805556 0.242043 0.008102 0.011863
0 0.857253 0.172309 0.008488 0.011285
0 0.832465 0.275029 0.006752 0.007812
0 0.842978 0.288773 0.008488 0.013889
0 0.866898 0.376013 0.008102 0.007234
0 0.870370 0.457899 0.009259 0.008970
0 0.967496 0.474971 0.008681 0.008970
0 0.979649 0.296875 0.006366 0.008102
0 0.992380 0.278212 0.006752 0.010706
0 0.862944 0.135272 0.006366 0.010706
0 0.984471 0.236400 0.007523 0.009838
0 0.996046 0.236111 0.007137 0.006944
0 0.158951 0.518519 0.007330 0.009259
0 0.152971 0.603733 0.009645 0.014757
0 0.234664 0.634693 0.007137 0.010706
0 0.195023 0.612124 0.009259 0.011285
0 0.141975 0.751591 0.008102 0.011863
0 0.241127 0.701968 0.006559 0.009259
0 0.242380 0.709925 0.006366 0.008391
0 0.297454 0.683304 0.008102 0.013021
0 0.262539 0.578125 0.008488 0.009838
0 0.251061 0.537905 0.006752 0.009259
0 0.226948 0.505787 0.007909 0.006944
0 0.276620 0.513021 0.008102 0.008681
0 0.287326 0.591291 0.007523 0.010127
0 0.271508 0.789352 0.008295 0.010995
0 0.429205 0.497396 0.008488 0.009259
0 0.408083 0.507957 0.009452 0.009549
0 0.411555 0.482639 0.008295 0.008681
0 0.354263 0.566406 0.009066 0.014178
0 0.387924 0.540654 0.008873 0.010127
0 0.415413 0.544271 0.009452 0.010417
0 0.458430 0.621962 0.008681 0.011863
0 0.382812 0.724392 0.008681 0.016493
0 0.424961 0.783999 0.006944 0.011863
0 0.567323 0.808015 0.009259 0.013021
0 0.581404 0.705874 0.008488 0.009549
0 0.533565 0.705584 0.009259 0.009549
0 0.654225 0.760995 0.007523 0.012153
0 0.641879 0.668113 0.009066 0.010417
0 0.474344 0.549045 0.008873 0.012442
0 0.624325 0.539786 0.007523 0.010706
0 0.730613 0.567274 0.006366 0.011863
0 0.716242 0.610098 0.008488 0.013021
0 0.688465 0.655671 0.008488 0.009838
0 0.727816 0.617911 0.006944 0.010706
0 0.774016 0.606047 0.009452 0.010706
0 0.781250 0.616464 0.009259 0.008391
0 0.746624 0.683738 0.008681 0.010417
0 0.747106 0.701968 0.006173 0.009838
0 0.722608 0.729456 0.008873 0.010995
0 0.771316 0.745081 0.009452 0.012153
0 0.792438 0.668113 0.007330 0.010995
0 0.822724 0.697193 0.006173 0.011863
0 0.919946 0.518084 0.008873 0.011285
0 0.921007 0.535590 0.007523 0.008681
0 0.942998 0.688223 0.007909 0.009549
0 0.975791 0.661892 0.007909 0.013600
0 0.979263 0.685619 0.009066 0.009549
0 0.937114 0.771412 0.008488 0.012153
0 0.772762 0.816696 0.008488 0.008970
0 0.776427 0.827836 0.006944 0.010417
0 0.890914 0.797454 0.008295 0.012153
0 0.968461 0.791811 0.009452 0.011285
0 0.943769 0.831019 0.010224 0.011574
0 0.228299 0.433304 0.004823 0.008970
0 0.232446 0.748264 0.004630 0.006944
0 0.394001 0.524884 0.006366 0.008681
0 0.427951 0.466580 0.005980 0.009549
0 0.747299 0.386429 0.006944 0.008970
0 0.846258 0.476997 0.006944 0.009549
0 0.831404 0.280382 0.007330 0.005787
0 0.800154 0.835938 0.006559 0.012153
0 0.123939 0.338108 0.006752 0.010127
0 0.203800 0.279369 0.007523 0.007234
0 0.272473 0.171152 0.007137 0.007812
0 0.289931 0.333044 0.006173 0.009259
0 0.666860 0.697338 0.007330 0.011574