0 0.220390 0.192708 0.009066 0.014468
0 0.211902 0.180700 0.011381 0.013600
0 0.204765 0.150752 0.007909 0.013310
0 0.129919 0.236690 0.008295 0.011574
0 0.097222 0.257668 0.008102 0.012442
0 0.151910 0.297020 0.008681 0.013021
0 0.157311 0.280961 0.009066 0.011574
0 0.164834 0.322338 0.010610 0.016204
0 0.176022 0.344618 0.010610 0.015046
0 0.167921 0.364149 0.011381 0.011863
0 0.259356 0.401186 0.012153 0.016493
0 0.309703 0.345486 0.011767 0.016204
0 0.173129 0.472656 0.011381 0.014178
0 0.108410 0.282986 0.009259 0.012731
0 0.159144 0.445312 0.008488 0.010995
0 0.121528 0.488715 0.007330 0.009838
0 0.203800 0.477865 0.008681 0.010706
0 0.471644 0.166088 0.012346 0.016204
0 0.443191 0.200231 0.010995 0.011574
0 0.377508 0.251591 0.011188 0.013021
0 0.428916 0.268374 0.008295 0.014178
0 0.469329 0.247975 0.007716 0.013889
0 0.497010 0.253038 0.008681 0.015914
0 0.522280 0.254485 0.010224 0.013021
0 0.536651 0.158854 0.010802 0.012731
0 0.549961 0.181858 0.006944 0.011285
0 0.600212 0.195312 0.014468 0.012731
0 0.434124 0.384838 0.010224 0.013310
0 0.422647 0.433594 0.010417 0.013600
0 0.511863 0.415799 0.010610 0.015046
0 0.429012 0.347946 0.006559 0.008970
0 0.526910 0.321759 0.010995 0.011574
0 0.557195 0.325087 0.009838 0.012442
0 0.608410 0.334491 0.013503 0.014468
0 0.560475 0.214988 0.012539 0.011574
0 0.454958 0.219329 0.013696 0.012153
0 0.574942 0.226707 0.008295 0.014178
0 0.597512 0.289062 0.008681 0.013310
0 0.598669 0.308304 0.008295 0.011863
0 0.635610 0.312789 0.008873 0.010995
0 0.561246 0.410301 0.010995 0.012731
0 0.622492 0.408565 0.013503 0.010417
0 0.645158 0.383102 0.012153 0.011574
0 0.543692 0.447772 0.011767 0.014757
0 0.447338 0.142506 0.009645 0.011285
0 0.363812 0.302807 0.011188 0.012442
0 0.435378 0.490307 0.007330 0.006655
0 0.719811 0.145544 0.007909 0.008102
0 0.710552 0.157118 0.010610 0.012153
0 0.705054 0.176071 0.009645 0.011285
0 0.679591 0.196904 0.008873 0.013021
0 0.681327 0.233796 0.008873 0.010995
0 0.683835 0.255498 0.009645 0.011574
0 0.676215 0.280816 0.009838 0.010706
0 0.690297 0.308015 0.009838 0.016493
0 0.707272 0.265914 0.011767 0.013310
0 0.775367 0.359230 0.011767 0.012442
0 0.766011 0.412182 0.011188 0.011863
0 0.740258 0.465567 0.011381 0.012731
0 0.670332 0.426071 0.006944 0.011863
0 0.781443 0.444589 0.010031 0.009549
0 0.783275 0.456597 0.009838 0.010995
0 0.797357 0.276186 0.011381 0.016493
0 0.835069 0.221788 0.011188 0.014178
0 0.787037 0.150463 0.007716 0.010995
0 0.776427 0.183883 0.010417 0.009549
0 0.917438 0.174045 0.012731 0.011863
0 0.955247 0.205295 0.011188 0.012442
0 0.983410 0.212529 0.009259 0.013600
0 0.933063 0.259838 0.010417 0.010995
0 0.899306 0.332610 0.009259 0.011285
0 0.955729 0.345341 0.013310 0.018229
0 0.852431 0.438657 0.008488 0.017940
0 0.899595 0.438947 0.009452 0.015046
0 0.931424 0.413628 0.009066 0.010127
0 0.940394 0.421730 0.009645 0.010706
0 0.974633 0.423177 0.012153 0.012442
0 0.967400 0.440972 0.009259 0.013889
0 0.908275 0.476273 0.009066 0.015046
0 0.873360 0.454861 0.007523 0.010995
0 0.722319 0.279369 0.010995 0.015914
0 0.925347 0.268663 0.008873 0.011285
0 0.778453 0.317564 0.011381 0.013021
0 0.133005 0.513166 0.009452 0.011285
0 0.147569 0.499132 0.007716 0.010995
0 0.157215 0.520399 0.008873 0.012442
0 0.128762 0.555556 0.009066 0.012731
0 0.106867 0.600984 0.010031 0.015046
0 0.079958 0.663918 0.009066 0.012442
0 0.077739 0.683160 0.008873 0.011574
0 0.117959 0.691840 0.010995 0.013310
0 0.120756 0.722946 0.007716 0.007812
0 0.126061 0.729456 0.008295 0.010417
0 0.154417 0.692130 0.009066 0.016782
0 0.123264 0.672598 0.010802 0.014178
0 0.106771 0.652778 0.010224 0.013310
0 0.206887 0.718605 0.011381 0.011863
0 0.218268 0.720341 0.007137 0.014757
0 0.231481 0.723669 0.009645 0.018519
0 0.083719 0.779225 0.010417 0.007523
0 0.062886 0.795139 0.009259 0.009838
0 0.053627 0.809751 0.006559 0.010127
0 0.082755 0.800058 0.008873 0.012153
0 0.095872 0.790943 0.007330 0.008391
0 0.102141 0.793258 0.007137 0.009549
0 0.115355 0.777199 0.008102 0.015046
0 0.110629 0.758102 0.009452 0.012153
0 0.155285 0.568142 0.008102 0.015914
0 0.193576 0.549045 0.012153 0.015914
0 0.190586 0.564815 0.009645 0.013310
0 0.180073 0.591725 0.007909 0.013889
0 0.224441 0.665799 0.009838 0.012731
0 0.264468 0.684896 0.012346 0.015625
0 0.266397 0.567998 0.009259 0.012153
0 0.246238 0.507957 0.009452 0.014178
0 0.261381 0.496962 0.008102 0.006655
0 0.260031 0.593895 0.008488 0.018229
0 0.136960 0.745949 0.006944 0.011574
0 0.186053 0.732784 0.007523 0.007812
0 0.160204 0.782118 0.009452 0.013889
0 0.141493 0.795862 0.006366 0.013021
0 0.131076 0.806713 0.011767 0.012153
0 0.194734 0.786458 0.007137 0.012153
0 0.199749 0.773438 0.010610 0.012731
0 0.288002 0.746383 0.010031 0.011863
0 0.251061 0.738281 0.007523 0.010706
0 0.311439 0.534433 0.006752 0.012153
0 0.313561 0.557292 0.007909 0.012731
0 0.306134 0.587240 0.009259 0.012442
0 0.295910 0.706163 0.011960 0.015336
0 0.273341 0.773582 0.008102 0.010706
0 0.310764 0.837095 0.007716 0.010995
0 0.288002 0.825521 0.007330 0.011574
0 0.300733 0.528646 0.008102 0.010417
0 0.276524 0.564815 0.007909 0.013310
0 0.155961 0.655816 0.010995 0.021123
0 0.168403 0.695457 0.010802 0.011285
0 0.142940 0.711950 0.010417 0.013021
0 0.114873 0.703559 0.009066 0.014178
0 0.158179 0.770544 0.007716 0.013310
0 0.193673 0.730179 0.008488 0.009549
0 0.340278 0.515914 0.008102 0.016204
0 0.378472 0.617766 0.009259 0.015625
0 0.448110 0.604745 0.005787 0.015046
0 0.469811 0.624566 0.005208 0.010127
0 0.562307 0.550492 0.011188 0.010127
0 0.607639 0.529225 0.010417 0.013889
0 0.513117 0.627315 0.013503 0.010417
0 0.422743 0.644821 0.012924 0.013021
0 0.468943 0.660301 0.013503 0.012153
0 0.495563 0.643374 0.009645 0.005498
0 0.635320 0.674624 0.009452 0.011285
0 0.639082 0.699653 0.006944 0.012731
0 0.354456 0.818866 0.014468 0.014468
0 0.416281 0.740307 0.010802 0.012442
0 0.422357 0.714844 0.012539 0.013600
0 0.464024 0.702836 0.010995 0.014468
0 0.478106 0.694878 0.011381 0.013600
0 0.524402 0.685330 0.011767 0.013600
0 0.542342 0.720631 0.010224 0.010706
0 0.440104 0.751881 0.009838 0.013021
0 0.548900 0.752459 0.009838 0.010127
0 0.603781 0.691985 0.009645 0.013021
0 0.625579 0.662182 0.007716 0.013600
0 0.623650 0.705584 0.008488 0.013021
0 0.647859 0.753906 0.009452 0.011285
0 0.618634 0.774306 0.014275 0.016782
0 0.643904 0.810764 0.008102 0.015046
0 0.546489 0.800203 0.010417 0.010706
0 0.462963 0.792390 0.008488 0.012442
0 0.588638 0.817274 0.007909 0.011285
0 0.593846 0.827402 0.005980 0.008970
0 0.453318 0.843750 0.012731 0.016782
0 0.520544 0.792679 0.009838 0.013021
0 0.624325 0.614439 0.007137 0.012442
0 0.591917 0.643229 0.011767 0.015046
0 0.608989 0.585214 0.010417 0.013021
0 0.562886 0.833478 0.011960 0.013600
0 0.446373 0.685764 0.008488 0.013310
0 0.688079 0.582610 0.009645 0.014178
0 0.711998 0.586227 0.012731 0.016204
0 0.751061 0.562066 0.011381 0.016493
0 0.794657 0.536024 0.011767 0.014178
0 0.823399 0.508247 0.009452 0.013021
0 0.841917 0.506221 0.009838 0.011285
0 0.898052 0.557147 0.011767 0.011863
0 0.905671 0.544271 0.010802 0.014468
0 0.801987 0.597656 0.010224 0.011863
0 0.932002 0.651186 0.010995 0.014757
0 0.983410 0.630064 0.011574 0.012442
0 0.772666 0.706887 0.009066 0.009838
0 0.723669 0.736690 0.008295 0.013889
0 0.715664 0.772135 0.010417 0.014178
0 0.688754 0.778646 0.010995 0.012731
0 0.794271 0.750434 0.010610 0.014757
0 0.850502 0.635851 0.008488 0.013021
0 0.862654 0.650029 0.009645 0.013600
0 0.976080 0.674045 0.009259 0.015336
0 0.961709 0.714554 0.010995 0.013021
0 0.981289 0.733218 0.012731 0.013889
0 0.956308 0.740162 0.010224 0.012153
0 0.956501 0.760127 0.011767 0.009838
0 0.952450 0.774306 0.007909 0.010417
0 0.959684 0.824219 0.009645 0.019965
0 0.887442 0.739149 0.010610 0.013600
0 0.841821 0.776186 0.006559 0.013021
0 0.842400 0.788773 0.008488 0.012153
0 0.866995 0.766927 0.009838 0.012442
0 0.842496 0.813802 0.012539 0.012442
0 0.866898 0.822483 0.009645 0.011285
0 0.917438 0.826678 0.008488 0.010417
0 0.834587 0.605035 0.009066 0.013310
0 0.840760 0.614583 0.008681 0.011574
0 0.781443 0.697917 0.009259 0.014468
0 0.861497 0.832031 0.009645 0.013021
0 0.734857 0.735532 0.010995 0.012731
0 0.928916 0.831742 0.007909 0.010706
0 0.829958 0.712384 0.012924 0.014468
0 0.916570 0.662905 0.011767 0.015046
0 0.881462 0.827257 0.009452 0.013889
0 0.775463 0.655961 0.010417 0.014468
0 0.797647 0.733362 0.010031 0.011863
0 0.710552 0.782986 0.010224 0.014468
0 0.808256 0.802517 0.008873 0.013021