0 0.457562 0.254774 0.006559 0.012442
0 0.629919 0.161603 0.009452 0.011285
0 0.656443 0.310041 0.008102 0.014178
0 0.412712 0.355758 0.009838 0.015914
0 0.340471 0.495515 0.008488 0.007812
0 0.442901 0.191262 0.008873 0.014468
0 0.347319 0.300637 0.008295 0.015625
0 0.385320 0.269387 0.009838 0.010417
0 0.664352 0.332176 0.006559 0.010417
0 0.746335 0.307002 0.008488 0.012731
0 0.170042 0.695891 0.011767 0.012731
0 0.299286 0.678241 0.009838 0.015046
0 0.291184 0.599682 0.009452 0.011285
0 0.115548 0.783999 0.009259 0.011863
0 0.217496 0.804398 0.009452 0.012153
0 0.423225 0.615596 0.008102 0.018229
0 0.589506 0.704861 0.013117 0.017940
0 0.585841 0.839699 0.010031 0.015046
0 0.360243 0.747975 0.010224 0.012153
0 0.901813 0.711806 0.011960 0.015046
0 0.947145 0.797164 0.012731 0.013889
0 0.980903 0.725260 0.008102 0.012442
0 0.148823 0.263166 0.007909 0.011863
0 0.277488 0.182436 0.005980 0.010127
0 0.264950 0.147280 0.008295 0.009259
0 0.104456 0.246672 0.005980 0.012442
0 0.122106 0.161748 0.006944 0.007523
0 0.140432 0.283565 0.006559 0.012731
0 0.257812 0.410735 0.009452 0.010706
0 0.253183 0.426360 0.006366 0.009549
0 0.270351 0.419994 0.007523 0.011863
0 0.334877 0.302373 0.008102 0.013310
0 0.363040 0.367622 0.009645 0.015914
0 0.344039 0.528212 0.006366 0.008970
0 0.622878 0.575955 0.006559 0.009549
0 0.627025 0.590422 0.007523 0.014757
0 0.769772 0.495081 0.007137 0.011574