0 0.154417 0.481626 0.013696 0.013600
0 0.162133 0.438079 0.007523 0.013889
0 0.153742 0.400463 0.011574 0.017361
0 0.125579 0.404225 0.012346 0.013889
0 0.125675 0.318576 0.011767 0.013889
0 0.208526 0.326968 0.011188 0.012153
0 0.216049 0.353009 0.010802 0.015046
0 0.071277 0.438368 0.010995 0.015046
0 0.087963 0.291667 0.011188 0.012731
0 0.123939 0.175492 0.007137 0.011863
0 0.133391 0.180990 0.007523 0.013600
0 0.151813 0.187500 0.014275 0.016782
0 0.231096 0.245226 0.013117 0.018229
0 0.178241 0.253328 0.012346 0.013600
0 0.056713 0.195312 0.011960 0.014468
0 0.110340 0.235822 0.009259 0.014468
0 0.310378 0.384838 0.010802 0.013310
0 0.321663 0.229167 0.010995 0.013310
0 0.390818 0.355758 0.011188 0.014178
0 0.461806 0.460938 0.009645 0.013310
0 0.589892 0.329282 0.012346 0.016782
0 0.564333 0.207321 0.010995 0.011863
0 0.399595 0.324074 0.008295 0.011574
0 0.400945 0.265770 0.009452 0.010706
0 0.383777 0.291956 0.011381 0.012731
0 0.429398 0.328993 0.009645 0.011574
0 0.463735 0.341435 0.007716 0.014468
0 0.352720 0.406105 0.007137 0.011863
0 0.591821 0.204282 0.013503 0.014468
0 0.541570 0.478299 0.009838 0.008681
0 0.809799 0.328125 0.011188 0.012731
0 0.698881 0.396701 0.009645 0.013889
0 0.749614 0.213976 0.010417 0.011863
0 0.809317 0.254196 0.011767 0.013600
0 0.853781 0.304688 0.009259 0.017361
0 0.860436 0.206597 0.010610 0.015046
0 0.873264 0.284433 0.008873 0.015046
0 0.873264 0.388600 0.008488 0.014468
0 0.922357 0.306568 0.008681 0.009549
0 0.943576 0.251736 0.012539 0.015625
0 0.091242 0.658565 0.008873 0.013889
0 0.076292 0.661458 0.009066 0.010417
0 0.074267 0.652344 0.009259 0.007812
0 0.101466 0.637153 0.009259 0.012731
0 0.074267 0.626736 0.007716 0.008681
0 0.164931 0.814815 0.011188 0.012731
0 0.057870 0.823206 0.007330 0.013310
0 0.117766 0.806568 0.012153 0.008391
0 0.140432 0.793547 0.008488 0.012442
0 0.255980 0.831163 0.007716 0.010706
0 0.237172 0.750868 0.012153 0.012731
0 0.258488 0.671441 0.010417 0.015336
0 0.323399 0.501013 0.011381 0.014178
0 0.148148 0.573785 0.013117 0.016204
0 0.170235 0.579572 0.009838 0.013310
0 0.079958 0.531105 0.009066 0.010706
0 0.126447 0.612413 0.010610 0.018808
0 0.413098 0.778646 0.010224 0.015625
0 0.421200 0.732928 0.011381 0.015625
0 0.448302 0.656539 0.010802 0.012153
0 0.459684 0.646412 0.009645 0.015046
0 0.492766 0.614149 0.009838 0.012442
0 0.460745 0.595341 0.013696 0.013600
0 0.458719 0.581887 0.011574 0.010417
0 0.492284 0.534433 0.010802 0.013889
0 0.481385 0.518084 0.010610 0.014178
0 0.392554 0.559606 0.013503 0.017940
0 0.353877 0.612124 0.012924 0.014757
0 0.411748 0.639323 0.012924 0.014178
0 0.381559 0.779225 0.012346 0.017940
0 0.339120 0.755642 0.010031 0.012442
0 0.521026 0.766927 0.011960 0.013600
0 0.510610 0.804832 0.010802 0.014178
0 0.649788 0.605903 0.009838 0.014468
0 0.674865 0.560909 0.006366 0.011863
0 0.681520 0.563802 0.007330 0.014178
0 0.824556 0.520399 0.010995 0.016493
0 0.793113 0.561198 0.009452 0.014178
0 0.829958 0.542969 0.010995 0.014178
0 0.806424 0.587674 0.009838 0.016204
0 0.819637 0.634693 0.010417 0.011285
0 0.802276 0.659578 0.009645 0.011863
0 0.900849 0.633970 0.009645 0.013310
0 0.992477 0.580584 0.008102 0.014757
0 0.749035 0.724103 0.009259 0.014757
0 0.749904 0.823206 0.009838 0.013310
0 0.846933 0.738426 0.007909 0.011574
0 0.845968 0.705874 0.007909 0.007812
0 0.855903 0.747251 0.006559 0.006076
0 0.872782 0.743490 0.008295 0.008970
0 0.875579 0.782841 0.006173 0.008970
0 0.807195 0.823061 0.007137 0.011863
0 0.797647 0.752170 0.008102 0.013600
0 0.680748 0.605035 0.008102 0.008681
0 0.779225 0.711372 0.007909 0.013600
0 0.769676 0.839988 0.008873 0.009259
0 0.924190 0.851128 0.007330 0.013600