0 0.159336 0.198061 0.009645 0.013600
0 0.158854 0.247396 0.009066 0.011574
0 0.187404 0.296007 0.012924 0.015046
0 0.194444 0.373553 0.013117 0.015046
0 0.279128 0.383247 0.011188 0.019387
0 0.243924 0.275608 0.007909 0.013021
0 0.323110 0.214988 0.011188 0.015625
0 0.074460 0.256221 0.008102 0.016493
0 0.064333 0.298611 0.011767 0.012153
0 0.080343 0.337818 0.011381 0.017650
0 0.053530 0.471065 0.008681 0.012153
0 0.311053 0.287616 0.009838 0.013310
0 0.752025 0.259259 0.009066 0.015625
0 0.700714 0.272280 0.011381 0.014468
0 0.679302 0.453270 0.011767 0.014178
0 0.903260 0.373553 0.010995 0.012153
0 0.877701 0.360532 0.011574 0.016204
0 0.873167 0.178964 0.009838 0.010706
0 0.082272 0.523148 0.009452 0.015046
0 0.214603 0.507957 0.009838 0.013021
0 0.226177 0.623409 0.010995 0.014178
0 0.142843 0.811487 0.009452 0.013021
0 0.153935 0.762876 0.008873 0.014178
0 0.233989 0.671875 0.010802 0.012153
0 0.246914 0.834925 0.007330 0.011285
0 0.324556 0.658854 0.008681 0.015625
0 0.247878 0.516059 0.007330 0.008970
0 0.466628 0.818287 0.008873 0.010995
0 0.774691 0.808594 0.007330 0.013021
0 0.782600 0.845197 0.006944 0.009259
0 0.717496 0.837963 0.007137 0.010417
0 0.932774 0.846644 0.007909 0.012153
0 0.905285 0.844473 0.006944 0.014178
0 0.836323 0.841001 0.009066 0.015336
0 0.990644 0.838252 0.007137 0.011574
0 0.632330 0.378328 0.009259 0.011863
0 0.649209 0.244358 0.007523 0.013600
0 0.483893 0.413628 0.006752 0.013600
0 0.659047 0.542101 0.010610 0.008391