0 0.105903 0.222946 0.009645 0.013021
0 0.059510 0.282697 0.010995 0.012153
0 0.253086 0.399740 0.014275 0.014757
0 0.330440 0.224971 0.006944 0.011863
0 0.512828 0.225405 0.010224 0.013310
0 0.503279 0.442853 0.008102 0.008970
0 0.073206 0.662326 0.012153 0.010995
0 0.095486 0.652922 0.009645 0.012442
0 0.088638 0.528935 0.008681 0.012153
0 0.427469 0.775174 0.013503 0.016204
0 0.347319 0.576678 0.012539 0.016204
0 0.663387 0.592593 0.008873 0.012731
0 0.661844 0.509404 0.008488 0.010706
0 0.340760 0.544850 0.014468 0.016782
0 0.168596 0.125868 0.007716 0.006366
0 0.736304 0.577257 0.008102 0.010995
0 0.721161 0.473958 0.008295 0.012153
0 0.865355 0.459491 0.008488 0.009259