0 0.813850 0.293403 0.010031 0.013310
0 0.886960 0.343027 0.009259 0.010127
0 0.852623 0.142940 0.007330 0.010995
0 0.149016 0.721065 0.012539 0.014468
0 0.219907 0.652344 0.008873 0.010706
0 0.178434 0.582176 0.010417 0.014468
0 0.141300 0.583044 0.011381 0.010417
0 0.127894 0.566840 0.010417 0.013310
0 0.049865 0.577980 0.010610 0.013021
0 0.331790 0.775029 0.006173 0.011863
0 0.177083 0.798756 0.008102 0.009549
0 0.210262 0.786458 0.008488 0.012731
0 0.121431 0.794705 0.008681 0.009549
0 0.548708 0.581597 0.009838 0.017940
0 0.497975 0.666956 0.007909 0.015625
0 0.514371 0.761863 0.012539 0.013889
0 0.642843 0.818142 0.008681 0.014178
0 0.351080 0.593895 0.009259 0.014178
0 0.711227 0.599971 0.008488 0.014757
0 0.923708 0.638744 0.010995 0.017072
0 0.084587 0.165220 0.009066 0.009259
0 0.223090 0.233652 0.009838 0.013600
0 0.071566 0.217737 0.004630 0.011285
0 0.081019 0.212384 0.007330 0.006366
0 0.076292 0.217448 0.004437 0.011863
0 0.116609 0.418258 0.007137 0.007812
0 0.122010 0.422888 0.007523 0.008391
0 0.330054 0.478009 0.008488 0.010995
0 0.650077 0.366030 0.006944 0.010417