0 0.226948 0.397425 0.011767 0.013600
0 0.264371 0.353877 0.010995 0.014468
0 0.317033 0.415220 0.011381 0.014468
0 0.176601 0.332031 0.009838 0.012442
0 0.293692 0.247541 0.012153 0.013021
0 0.371817 0.257668 0.012539 0.013600
0 0.451100 0.264468 0.011767 0.017940
0 0.487365 0.424190 0.010224 0.011574
0 0.565876 0.330874 0.009452 0.014178
0 0.583526 0.332321 0.009259 0.012442
0 0.672068 0.423466 0.008102 0.014178
0 0.757523 0.367911 0.009645 0.013600
0 0.796103 0.484086 0.009259 0.009838
0 0.712384 0.275029 0.010417 0.013600
0 0.169464 0.508970 0.009452 0.013310
0 0.181038 0.516927 0.006752 0.008970
0 0.199171 0.553241 0.010995 0.015046
0 0.197434 0.517506 0.008681 0.010706
0 0.177276 0.486545 0.011188 0.011863
0 0.081983 0.767795 0.013503 0.014757
0 0.325810 0.805266 0.013117 0.017940
0 0.325810 0.579138 0.010802 0.015336
0 0.252315 0.732350 0.012346 0.012731
0 0.244117 0.763021 0.010995 0.016782
0 0.154417 0.799624 0.007909 0.011863
0 0.070795 0.534433 0.009645 0.014468
0 0.472319 0.509549 0.009838 0.011574
0 0.522569 0.773438 0.009259 0.011574
0 0.713252 0.498119 0.006366 0.010706
0 0.679109 0.556568 0.008295 0.009549
0 0.787519 0.731626 0.010610 0.015336
0 0.674479 0.715712 0.008295 0.010706
0 0.688561 0.824508 0.007137 0.011285
0 0.703511 0.657841 0.006559 0.007812