0 0.152874 0.449363 0.009066 0.012731
0 0.303241 0.486834 0.007330 0.011285
0 0.367670 0.370660 0.008873 0.010417
0 0.482542 0.446470 0.007523 0.013889
0 0.563657 0.440104 0.007716 0.010417
0 0.576292 0.388744 0.007523 0.013021
0 0.631462 0.468171 0.009452 0.009838
0 0.610918 0.250289 0.008102 0.010995
0 0.614294 0.489439 0.006752 0.011285
0 0.739873 0.364583 0.007523 0.013310
0 0.723573 0.396123 0.008873 0.009838
0 0.781636 0.387731 0.008488 0.010417
0 0.826389 0.425492 0.005401 0.008391
0 0.854745 0.365596 0.008873 0.011863
0 0.982446 0.307870 0.005787 0.010995
0 0.968171 0.237413 0.006559 0.010706
0 0.895351 0.277344 0.007137 0.010706
0 0.743441 0.137442 0.004630 0.009838
0 0.101466 0.537760 0.006944 0.010706
0 0.072434 0.639902 0.007523 0.008970
0 0.174865 0.735388 0.007909 0.010127
0 0.164062 0.754630 0.005980 0.013310
0 0.198302 0.760272 0.005401 0.010706
0 0.220004 0.795428 0.007909 0.012153
0 0.196663 0.827691 0.007909 0.013021
0 0.098862 0.670284 0.006366 0.011863
0 0.349344 0.753472 0.005401 0.009259
0 0.373457 0.735388 0.007330 0.008391
0 0.358218 0.594329 0.007330 0.012731
0 0.375193 0.553964 0.007330 0.011863
0 0.385610 0.782263 0.007716 0.009549
0 0.617863 0.703559 0.005401 0.012442
0 0.596836 0.604167 0.007716 0.012731
0 0.735629 0.574653 0.008681 0.010417
0 0.716821 0.509404 0.006173 0.013021
0 0.757620 0.579282 0.007523 0.009838
0 0.828414 0.618345 0.009066 0.008681
0 0.889853 0.649016 0.005787 0.011574
0 0.919753 0.684172 0.006559 0.008391
0 0.959298 0.715712 0.006944 0.014178
0 0.939429 0.723669 0.005787 0.009259
0 0.946181 0.729167 0.004630 0.009259
0 0.989005 0.718895 0.006559 0.010706
0 0.984568 0.736690 0.008102 0.011574
0 0.986690 0.770544 0.006559 0.011574
0 0.790316 0.787616 0.006944 0.010417
0 0.763117 0.793258 0.007716 0.015336
0 0.689622 0.846354 0.008873 0.010995
0 0.908372 0.841580 0.005401 0.011285