0 0.137731 0.372251 0.007330 0.011863
0 0.053241 0.399884 0.007330 0.009259
0 0.247106 0.320023 0.006173 0.010417
0 0.271508 0.424479 0.007523 0.010417
0 0.300154 0.147569 0.006173 0.010417
0 0.318769 0.181134 0.007523 0.008681
0 0.186246 0.134549 0.009066 0.008102
0 0.508681 0.234086 0.007716 0.010995
0 0.593750 0.177083 0.005787 0.010417
0 0.551119 0.297743 0.006559 0.009259
0 0.606096 0.367332 0.006559 0.010706
0 0.727816 0.347801 0.005401 0.009259
0 0.776042 0.140770 0.008102 0.006655
0 0.739005 0.225116 0.005401 0.009259
0 0.403356 0.734375 0.008102 0.012731
0 0.435571 0.714699 0.006944 0.007523
0 0.698688 0.791956 0.006944 0.008102
0 0.727045 0.809896 0.005401 0.009259
0 0.152488 0.741753 0.007137 0.011863
0 0.045139 0.681134 0.003086 0.006944
0 0.310378 0.305411 0.006944 0.007234
0 0.983121 0.857060 0.005980 0.009259
0 0.304012 0.595486 0.005401 0.007523