0 0.087577 0.228299 0.008873 0.017361
0 0.180845 0.135851 0.007137 0.008391
0 0.129823 0.183015 0.006944 0.010127
0 0.329090 0.298900 0.008873 0.016204
0 0.444059 0.146123 0.011188 0.013310
0 0.807002 0.449363 0.005594 0.009838
0 0.867959 0.299479 0.008295 0.016204
0 0.695891 0.434028 0.007523 0.009838
0 0.078221 0.817564 0.006752 0.008970
0 0.421971 0.624277 0.009452 0.011285
0 0.469136 0.692564 0.008488 0.007812
0 0.659915 0.666956 0.008488 0.012153
0 0.162616 0.230613 0.006559 0.009259
0 0.801698 0.493200 0.006173 0.008970
0 0.699363 0.819010 0.005594 0.008391