0 0.046875 0.464265 0.005401 0.007234
0 0.133391 0.446036 0.005208 0.007812
0 0.169946 0.421152 0.004630 0.008391
0 0.195795 0.395833 0.004630 0.007523
0 0.188175 0.393084 0.004051 0.006655
0 0.157890 0.364728 0.004823 0.007812
0 0.236883 0.360532 0.005401 0.009259
0 0.283854 0.334925 0.005594 0.009549
0 0.296393 0.225116 0.005208 0.008102
0 0.293885 0.194878 0.005980 0.008970
0 0.217785 0.184751 0.008102 0.011285
0 0.203029 0.208623 0.007523 0.011574
0 0.129340 0.276765 0.007909 0.008970
0 0.089024 0.254774 0.007909 0.012442
0 0.346065 0.185330 0.006944 0.009549
0 0.375386 0.193866 0.006559 0.008681
0 0.411748 0.308160 0.005980 0.008102
0 0.417052 0.298032 0.006173 0.008681
0 0.459973 0.301360 0.005594 0.007812
0 0.495274 0.354311 0.007523 0.007812
0 0.455826 0.393084 0.005015 0.008970
0 0.618441 0.403212 0.006559 0.011285
0 0.629630 0.446181 0.006944 0.009259
0 0.659240 0.350405 0.005208 0.009838
0 0.660880 0.477141 0.007716 0.012153
0 0.623843 0.257957 0.005787 0.010127
0 0.602816 0.246238 0.005787 0.008681
0 0.632909 0.214988 0.006173 0.008681
0 0.611690 0.184606 0.006944 0.008681
0 0.631559 0.177083 0.008102 0.009259
0 0.628665 0.163194 0.005787 0.007523
0 0.686343 0.410590 0.006173 0.007523
0 0.673032 0.314670 0.005015 0.011285
0 0.679977 0.257378 0.006559 0.010127
0 0.757812 0.214265 0.007137 0.010127
0 0.902585 0.195312 0.006559 0.009838
0 0.857253 0.176215 0.006559 0.009838
0 0.976659 0.173032 0.006173 0.008681
0 0.992573 0.204282 0.005208 0.009838
0 0.931906 0.349826 0.006944 0.010995
0 0.997589 0.461950 0.004823 0.010127
0 0.045910 0.712095 0.006173 0.008681
0 0.098573 0.726562 0.006173 0.009259
0 0.142458 0.795573 0.005980 0.011863
0 0.115548 0.819010 0.006559 0.009549
0 0.285880 0.778067 0.007330 0.012153
0 0.304205 0.755208 0.005401 0.010995
0 0.327160 0.774016 0.004630 0.010417
0 0.307870 0.837095 0.006944 0.008681
0 0.309510 0.690972 0.005980 0.012731
0 0.325907 0.675637 0.005980 0.010417
0 0.275656 0.636719 0.006559 0.011863
0 0.209587 0.622975 0.005594 0.009838
0 0.213252 0.615741 0.005594 0.009259
0 0.254919 0.598958 0.005208 0.008681
0 0.233989 0.564381 0.006173 0.013600
0 0.293499 0.512153 0.007137 0.009838
0 0.188850 0.595775 0.005401 0.008681
0 0.169367 0.546007 0.007330 0.007523
0 0.172068 0.510706 0.006173 0.010417
0 0.355517 0.803530 0.005401 0.009259
0 0.418017 0.817130 0.006559 0.010417
0 0.521026 0.818866 0.006173 0.009259
0 0.488329 0.818142 0.005594 0.007234
0 0.504919 0.802083 0.005980 0.008681
0 0.624325 0.837818 0.005208 0.007234
0 0.660880 0.812500 0.006944 0.007523
0 0.557485 0.687500 0.005401 0.007523
0 0.552758 0.671007 0.004823 0.008681
0 0.573110 0.646991 0.005401 0.008681
0 0.589892 0.668547 0.005401 0.007234
0 0.474344 0.732784 0.006559 0.007812
0 0.497106 0.739005 0.004630 0.006944
0 0.488329 0.662616 0.004823 0.010417
0 0.498843 0.633391 0.005401 0.008681
0 0.419367 0.690972 0.005787 0.009259
0 0.451968 0.639757 0.004630 0.008102
0 0.424479 0.636429 0.006366 0.007234
0 0.433449 0.600984 0.006944 0.011574
0 0.392554 0.628472 0.006173 0.009838
0 0.386188 0.588831 0.006559 0.010417
0 0.341821 0.658565 0.005015 0.007523
0 0.504437 0.515914 0.006173 0.009838
0 0.608603 0.518808 0.007330 0.008681
0 0.650656 0.587095 0.007716 0.009838
0 0.469811 0.592593 0.007523 0.009259
0 0.747975 0.526910 0.007909 0.010995
0 0.791474 0.538484 0.006944 0.010995
0 0.792728 0.699363 0.005208 0.008681
0 0.724923 0.688079 0.007716 0.009838
0 0.740355 0.790075 0.006559 0.009549
0 0.886188 0.750145 0.006173 0.013021
0 0.915027 0.736834 0.005980 0.008391
0 0.887346 0.780961 0.006559 0.010417
0 0.935764 0.778067 0.008102 0.012153
0 0.995949 0.797743 0.006173 0.010995
0 0.047454 0.813368 0.003858 0.006366
0 0.050733 0.811921 0.004630 0.009838
0 0.156636 0.151910 0.004630 0.006944
0 0.608989 0.164352 0.005015 0.007523