0 0.490548 0.438368 0.006944 0.008102
0 0.440972 0.349826 0.006173 0.009838
0 0.584780 0.410590 0.009066 0.015625
0 0.601273 0.353588 0.006559 0.012153
0 0.689622 0.417101 0.006173 0.007234
0 0.767458 0.440538 0.007523 0.013600
0 0.912326 0.267216 0.006752 0.013021
0 0.489776 0.670573 0.006944 0.011285
0 0.531636 0.641638 0.007716 0.012442
0 0.469618 0.520399 0.007909 0.012442
0 0.371914 0.559462 0.006944 0.013021
0 0.595293 0.762153 0.007716 0.009259
0 0.874614 0.795428 0.005787 0.010417
0 0.930170 0.801794 0.006944 0.012731
0 0.744020 0.546586 0.006559 0.010417
0 0.666377 0.674479 0.006752 0.009838
0 0.225405 0.494068 0.006366 0.007812
0 0.244792 0.273293 0.005015 0.007812
0 0.106964 0.604022 0.007137 0.007812
0 0.106771 0.775897 0.009838 0.008970
0 0.120563 0.831453 0.006559 0.008970