0 0.058642 0.287037 0.006173 0.009259
0 0.093943 0.260995 0.006944 0.012153
0 0.105903 0.301360 0.008488 0.010706
0 0.095486 0.399016 0.008873 0.010995
0 0.060185 0.465856 0.005015 0.009259
0 0.082369 0.477431 0.007330 0.006944
0 0.237461 0.478009 0.006559 0.010417
0 0.250386 0.434896 0.007716 0.009259
0 0.191262 0.344184 0.007909 0.012442
0 0.313850 0.293113 0.007330 0.010995
0 0.314236 0.264034 0.006559 0.012442
0 0.291860 0.226418 0.007716 0.013600
0 0.218171 0.208333 0.008873 0.009259
0 0.195988 0.136285 0.007330 0.011574
0 0.104552 0.155382 0.005787 0.010417
0 0.406539 0.481337 0.007909 0.009549
0 0.431424 0.451100 0.008681 0.009838
0 0.589506 0.457465 0.007716 0.008681
0 0.618827 0.333044 0.007330 0.010995
0 0.662423 0.378328 0.006559 0.008970
0 0.477431 0.281973 0.009259 0.011285
0 0.487076 0.295284 0.008873 0.015336
0 0.410204 0.212963 0.009452 0.009838
0 0.532022 0.200955 0.006944 0.011863
0 0.632427 0.377604 0.009838 0.010417
0 0.420910 0.406684 0.006559 0.011863
0 0.378858 0.460214 0.007716 0.010706
0 0.406057 0.453125 0.006944 0.012153
0 0.586998 0.167535 0.006173 0.008681
0 0.402488 0.164352 0.009066 0.010995
0 0.793885 0.447193 0.009452 0.016493
0 0.895640 0.414931 0.006173 0.009838
0 0.916860 0.347801 0.007330 0.009838
0 0.975984 0.249421 0.005594 0.009838
0 0.993248 0.257234 0.005015 0.008681
0 0.955054 0.185475 0.006559 0.010417
0 0.951003 0.206597 0.005787 0.010417
0 0.726562 0.225550 0.009452 0.013021
0 0.699171 0.337674 0.008681 0.010417
0 0.736690 0.338252 0.006559 0.011574
0 0.807485 0.313368 0.006944 0.013310
0 0.717593 0.189381 0.006173 0.013021
0 0.689236 0.201100 0.007716 0.008102
0 0.783661 0.346499 0.007909 0.012442
0 0.069734 0.560041 0.008681 0.011285
0 0.095100 0.543692 0.006559 0.011574
0 0.212577 0.515336 0.007716 0.010417
0 0.304205 0.502604 0.007716 0.010417
0 0.209105 0.816840 0.007330 0.008681
0 0.238233 0.810330 0.007330 0.011863
0 0.106964 0.821759 0.006752 0.010995
0 0.305170 0.576100 0.005787 0.013310
0 0.122878 0.538050 0.007330 0.013021
0 0.357542 0.613571 0.007909 0.012442
0 0.576389 0.547164 0.006944 0.010995
0 0.593557 0.529080 0.006173 0.011863
0 0.619599 0.543981 0.005787 0.010995
0 0.654707 0.533854 0.005401 0.010417
0 0.624132 0.734809 0.007523 0.013600
0 0.513889 0.743056 0.006173 0.010995
0 0.533468 0.782118 0.007523 0.011574
0 0.544753 0.796875 0.006944 0.012731
0 0.751640 0.510851 0.007909 0.010127
0 0.701003 0.495660 0.005787 0.008102
0 0.704379 0.619213 0.008295 0.014468
0 0.679012 0.656539 0.007716 0.011574
0 0.830729 0.757089 0.008681 0.010127
0 0.925058 0.743345 0.009066 0.012153
0 0.989873 0.617332 0.007523 0.011285
0 0.794946 0.679977 0.009259 0.010995
0 0.562211 0.273003 0.005594 0.008391
0 0.797840 0.208912 0.005015 0.009259
0 0.845197 0.134404 0.005208 0.006076
0 0.753569 0.148872 0.006366 0.009549
0 0.916860 0.564381 0.007716 0.009549