0 0.195602 0.438657 0.006559 0.010417
0 0.167052 0.224248 0.007716 0.009838
0 0.380787 0.213686 0.008873 0.014757
0 0.446373 0.136285 0.006559 0.009259
0 0.621914 0.139468 0.008488 0.006944
0 0.619213 0.310041 0.008873 0.013021
0 0.587577 0.314381 0.005015 0.010706
0 0.592014 0.326100 0.006944 0.011574
0 0.510899 0.369502 0.008295 0.009838
0 0.475984 0.367911 0.005594 0.007812
0 0.396316 0.415365 0.008295 0.013021
0 0.527681 0.398727 0.007523 0.009259
0 0.585841 0.398727 0.006173 0.009259
0 0.600694 0.368200 0.006559 0.012442
0 0.631752 0.464120 0.006173 0.009838
0 0.659047 0.414062 0.006366 0.013889
0 0.407407 0.293692 0.008102 0.012153
0 0.364390 0.339988 0.007330 0.008681
0 0.757330 0.465278 0.006944 0.010417
0 0.724537 0.198929 0.005401 0.010127
0 0.766686 0.222512 0.009838 0.010417
0 0.782407 0.209635 0.006173 0.007812
0 0.980806 0.216725 0.008681 0.010417
0 0.980710 0.157407 0.008102 0.010417
0 0.981771 0.261429 0.007909 0.011863
0 0.218364 0.543837 0.008488 0.015336
0 0.239390 0.581019 0.006944 0.007523
0 0.297647 0.755642 0.006944 0.007812
0 0.261767 0.766782 0.005787 0.011574
0 0.068576 0.517072 0.007137 0.010995
0 0.081694 0.514902 0.005208 0.007812
0 0.098187 0.505498 0.007716 0.009838
0 0.552276 0.813368 0.006559 0.009259
0 0.576100 0.802083 0.007523 0.013310
0 0.615162 0.808883 0.007330 0.013600
0 0.613040 0.687934 0.006559 0.014178
0 0.453221 0.791667 0.007137 0.008681
0 0.410783 0.802373 0.004823 0.008102
0 0.510127 0.542390 0.007137 0.011863
0 0.572145 0.838831 0.006944 0.009259
0 0.467207 0.534288 0.006944 0.011863
0 0.455247 0.643084 0.008488 0.013021
0 0.706983 0.822193 0.006173 0.011863
0 0.729263 0.814525 0.007523 0.009838
0 0.853974 0.825521 0.005787 0.009838
0 0.871914 0.810764 0.006944 0.012153
0 0.797647 0.716725 0.007716 0.010417