0 0.154321 0.399016 0.009259 0.013310
0 0.136960 0.444444 0.007330 0.010995
0 0.139275 0.466869 0.006559 0.014178
0 0.178434 0.414062 0.007330 0.011574
0 0.756173 0.322338 0.008488 0.012731
0 0.781829 0.313657 0.007330 0.010417
0 0.768133 0.280671 0.006173 0.012153
0 0.793306 0.228299 0.006752 0.010995
0 0.809317 0.205006 0.006752 0.010127
0 0.853106 0.477141 0.008681 0.013310
0 0.880112 0.436487 0.007137 0.011285
0 0.939911 0.288628 0.009066 0.009549
0 0.124421 0.700810 0.006944 0.011574
0 0.211806 0.689670 0.007716 0.014178
0 0.047647 0.798032 0.007716 0.010417
0 0.358603 0.678675 0.008102 0.015336
0 0.448302 0.580150 0.006944 0.010417
0 0.560957 0.685475 0.006559 0.016782
0 0.840664 0.711227 0.006173 0.010417
0 0.847704 0.778935 0.005208 0.008102
0 0.866609 0.786169 0.009452 0.010995
0 0.788194 0.588542 0.005401 0.009838
0 0.710648 0.627749 0.005401 0.013600
0 0.872685 0.192564 0.003858 0.005498
0 0.850887 0.628038 0.005015 0.008391