0 0.986690 0.404514 0.007716 0.012731
0 0.750096 0.398582 0.007523 0.014178
0 0.739969 0.303385 0.008873 0.012442
0 0.762924 0.218027 0.005787 0.013021
0 0.734761 0.185475 0.006173 0.010417
0 0.934992 0.208912 0.007330 0.009259
0 0.165413 0.694589 0.009066 0.015914
0 0.103202 0.686198 0.009259 0.014757
0 0.069155 0.583623 0.010610 0.015046
0 0.152103 0.523872 0.006752 0.011863
0 0.294946 0.788194 0.006559 0.009259
0 0.459394 0.747830 0.010224 0.015336
0 0.518036 0.762587 0.009066 0.013600
0 0.549672 0.801505 0.007137 0.008102
0 0.621431 0.635272 0.008295 0.012442
0 0.521798 0.523582 0.006944 0.011863
0 0.347319 0.567853 0.008681 0.013021
0 0.818287 0.662905 0.009645 0.012731
0 0.769387 0.638310 0.008295 0.011574
0 0.737172 0.773727 0.008681 0.010417
0 0.782697 0.504051 0.007909 0.010417
0 0.802083 0.840278 0.006173 0.009838
0 0.131173 0.371672 0.006944 0.011285
0 0.131559 0.242766 0.006559 0.009838
0 0.051312 0.183160 0.005787 0.009838
0 0.303048 0.264178 0.006559 0.012731
0 0.399209 0.260561 0.008295 0.014178
0 0.385320 0.365307 0.009066 0.015914
0 0.520448 0.437934 0.008102 0.010127
0 0.587867 0.218461 0.007909 0.011574
0 0.602816 0.159867 0.005401 0.011285
0 0.627122 0.151042 0.005787 0.009259
0 0.661844 0.247685 0.005787 0.009838
0 0.642458 0.849971 0.005980 0.008391