0 0.181038 0.192998 0.012153 0.019097
0 0.028067 0.293692 0.010995 0.017940
0 0.211323 0.256800 0.013696 0.016493
0 0.273727 0.287760 0.013117 0.017650
0 0.285880 0.324653 0.011574 0.018519
0 0.370081 0.218750 0.011767 0.021412
0 0.437886 0.404080 0.012346 0.018229
0 0.475019 0.392361 0.015625 0.016782
0 0.532986 0.289352 0.013117 0.016782
0 0.663966 0.138455 0.009645 0.013021
0 0.711034 0.325666 0.012731 0.014757
0 0.743441 0.323351 0.015046 0.015336
0 0.737654 0.246817 0.011188 0.018519
0 0.786555 0.346209 0.012153 0.019387
0 0.848476 0.451968 0.011381 0.016782
0 0.984857 0.231626 0.010610 0.014757
0 0.437982 0.572627 0.016011 0.016782
0 0.478684 0.590567 0.014468 0.018519
0 0.400752 0.704282 0.013696 0.017940
0 0.971644 0.559606 0.015818 0.020255
0 0.779225 0.549624 0.010995 0.016493
0 0.871528 0.775608 0.012346 0.018808
0 0.719618 0.682147 0.012924 0.019965
0 0.013889 0.652778 0.012346 0.015625