0 0.003762 0.242766 0.007137 0.014468
0 0.032504 0.396557 0.010610 0.017650
0 0.046393 0.405816 0.012153 0.016493
0 0.097126 0.319444 0.009452 0.015046
0 0.327932 0.372251 0.012346 0.017072
0 0.579379 0.346499 0.016011 0.021123
0 0.540413 0.294271 0.012539 0.016782
0 0.409240 0.454861 0.016397 0.019097
0 0.742670 0.272135 0.013117 0.017650
0 0.712770 0.271991 0.012346 0.019676
0 0.675058 0.343605 0.010224 0.016493
0 0.694541 0.180122 0.014082 0.018229
0 0.931327 0.255208 0.013889 0.020255
0 0.938465 0.148148 0.015818 0.019097
0 0.945602 0.262008 0.009645 0.018808
0 0.994888 0.249711 0.010224 0.021991
0 0.969811 0.391638 0.014468 0.018229
0 0.987654 0.445168 0.014275 0.017650
0 0.667824 0.296875 0.011188 0.018519
0 0.076100 0.561632 0.015625 0.020255
0 0.064815 0.585648 0.014275 0.016782
0 0.108603 0.585069 0.014275 0.021991
0 0.108410 0.637876 0.012346 0.018229
0 0.145448 0.765480 0.015818 0.015336
0 0.304109 0.800058 0.013310 0.018519
0 0.325521 0.540509 0.010995 0.016204
0 0.331501 0.720631 0.010610 0.016493
0 0.448013 0.578993 0.016011 0.020255
0 0.410012 0.611256 0.014468 0.017072
0 0.448495 0.641638 0.013503 0.021701
0 0.386381 0.727865 0.014660 0.022859
0 0.535687 0.648003 0.015046 0.018808
0 0.624325 0.714120 0.015239 0.018519
0 0.509934 0.791088 0.014082 0.019676
0 0.480613 0.831163 0.015625 0.014178
0 0.412905 0.527199 0.013310 0.014468
0 0.902392 0.639757 0.012346 0.017361
0 0.871142 0.523582 0.015818 0.015336
0 0.876640 0.507089 0.011767 0.013021
0 0.825231 0.642650 0.013503 0.018519
0 0.913773 0.778791 0.012346 0.019965
0 0.716435 0.750434 0.014275 0.021123
0 0.879823 0.666811 0.011188 0.014178
0 0.970486 0.621528 0.013889 0.015625