0 0.146894 0.221209 0.011381 0.013600
0 0.278549 0.286603 0.013117 0.021123
0 0.304784 0.418403 0.015818 0.023727
0 0.794946 0.201100 0.010802 0.016204
0 0.874518 0.315972 0.013310 0.019676
0 0.975212 0.214554 0.011381 0.018229
0 0.163194 0.576389 0.016590 0.016782
0 0.158372 0.521557 0.011574 0.017072
0 0.911941 0.672020 0.010224 0.014178
0 0.689815 0.669560 0.008102 0.017940
0 0.669078 0.616319 0.012539 0.012153
0 0.515336 0.687934 0.012153 0.020544
0 0.458526 0.428675 0.013503 0.016493
0 0.539641 0.414352 0.011767 0.015625