0 0.425926 0.333478 0.012731 0.017072
0 0.646412 0.234375 0.011188 0.015625
0 0.845100 0.297888 0.013889 0.020544
0 0.851466 0.383681 0.013117 0.023148
0 0.672068 0.452980 0.011960 0.013600
0 0.064815 0.663628 0.015818 0.020544
0 0.097222 0.671007 0.015046 0.017940
0 0.132716 0.586950 0.013889 0.017650
0 0.114583 0.497396 0.014660 0.017361
0 0.224151 0.580584 0.015432 0.021701
0 0.354456 0.612124 0.012924 0.014757
0 0.406925 0.490307 0.015239 0.015914
0 0.510706 0.492622 0.015625 0.015336
0 0.523438 0.645978 0.015625 0.019965
0 0.644676 0.728588 0.016204 0.021412
0 0.745949 0.753906 0.013117 0.019387
0 0.732928 0.794705 0.010995 0.018229
0 0.730324 0.552228 0.011574 0.017072
0 0.855131 0.677807 0.010802 0.014757
0 0.888696 0.740162 0.015432 0.020833
0 0.977334 0.788918 0.009066 0.015336
0 0.985822 0.785590 0.010610 0.014468
0 0.109664 0.369792 0.014853 0.019676
0 0.195602 0.351562 0.011188 0.019676
0 0.210455 0.275318 0.014275 0.019965