0 0.196181 0.242911 0.014660 0.021123
0 0.029996 0.443287 0.012539 0.019676
0 0.076389 0.450376 0.011188 0.020544
0 0.245274 0.431424 0.014853 0.021412
0 0.338831 0.443142 0.011767 0.019387
0 0.589410 0.320023 0.013310 0.019097
0 0.659144 0.151331 0.011188 0.016204
0 0.088156 0.705440 0.016590 0.021412
0 0.274016 0.539207 0.012153 0.022280
0 0.708044 0.640480 0.013310 0.020544
0 0.764275 0.682147 0.014660 0.019387
0 0.773920 0.609375 0.013503 0.019097
0 0.849055 0.584925 0.014853 0.015336
0 0.965181 0.577980 0.014853 0.019387
0 0.714313 0.707031 0.011960 0.018229
0 0.335648 0.565394 0.009645 0.013889
0 0.669850 0.249132 0.013310 0.015046
0 0.933449 0.143229 0.009259 0.013889
0 0.992477 0.348235 0.013117 0.015914
0 0.725887 0.803096 0.011960 0.012442