0 0.003762 0.299624 0.007137 0.015914
0 0.245949 0.416377 0.011960 0.016782
0 0.527006 0.208478 0.014660 0.019387
0 0.632909 0.455150 0.013117 0.018519
0 0.859664 0.181858 0.019097 0.023438
0 0.961227 0.197917 0.012346 0.023148
0 0.073206 0.606337 0.012924 0.021701
0 0.188561 0.612269 0.016011 0.021991
0 0.290702 0.635706 0.012346 0.023148
0 0.076485 0.828704 0.010610 0.010995
0 0.410204 0.706742 0.011767 0.017650
0 0.340278 0.729022 0.015046 0.021123
0 0.483410 0.526042 0.015432 0.022569
0 0.602238 0.754340 0.015432 0.020833
0 0.738040 0.650318 0.013117 0.018808
0 0.873553 0.649595 0.014468 0.023727
0 0.914448 0.579138 0.013310 0.020544
0 0.808642 0.488137 0.010802 0.014468
0 0.756076 0.769676 0.010995 0.012731
0 0.945505 0.724248 0.014853 0.020833