0 0.152296 0.277922 0.015239 0.018229
0 0.306038 0.227865 0.016397 0.017650
0 0.478684 0.238426 0.014468 0.017940
0 0.501543 0.274306 0.011574 0.016782
0 0.541570 0.336516 0.015625 0.020255
0 0.477141 0.376881 0.014468 0.024016
0 0.424093 0.400174 0.014853 0.021991
0 0.453607 0.454861 0.014468 0.018519
0 0.561535 0.417824 0.018904 0.019097
0 0.678241 0.266927 0.010417 0.023438
0 0.704379 0.423322 0.014468 0.020833
0 0.744213 0.425347 0.013889 0.022569
0 0.936728 0.471788 0.013117 0.021123
0 0.960745 0.171441 0.014468 0.021123
0 0.867959 0.184462 0.012539 0.018229
0 0.045910 0.549479 0.013889 0.024306
0 0.034336 0.731047 0.012731 0.016493
0 0.392168 0.592593 0.015046 0.022569
0 0.350116 0.598814 0.011188 0.017650
0 0.429495 0.765625 0.016782 0.026042
0 0.492959 0.581453 0.012924 0.019965
0 0.556906 0.551939 0.014275 0.024595
0 0.578800 0.797309 0.014853 0.022859
0 0.660301 0.510127 0.013117 0.019097
0 0.696470 0.528501 0.013696 0.022280
0 0.677083 0.578559 0.013117 0.017072
0 0.779032 0.716580 0.014468 0.018808
0 0.864969 0.719329 0.020448 0.019097
0 0.980517 0.612124 0.014275 0.022280
0 0.333623 0.377025 0.014082 0.021412