0 0.094811 0.257523 0.014468 0.016204
0 0.152585 0.407986 0.017747 0.023148
0 0.199846 0.246817 0.009645 0.020833
0 0.203221 0.295284 0.010224 0.014178
0 0.296200 0.319589 0.013310 0.019387
0 0.440201 0.175058 0.014660 0.020833
0 0.341242 0.447917 0.009259 0.011574
0 0.603299 0.307581 0.012539 0.018519
0 0.618152 0.340712 0.012924 0.019387
0 0.618152 0.384549 0.013310 0.016782
0 0.557485 0.413773 0.011188 0.022569
0 0.784240 0.168547 0.014082 0.022859
0 0.817805 0.204861 0.014082 0.017361
0 0.960166 0.326534 0.012539 0.025752
0 0.896508 0.409144 0.011767 0.020833
0 0.949171 0.178385 0.015625 0.024016
0 0.970100 0.469907 0.013503 0.020255
0 0.009934 0.585214 0.017168 0.021701
0 0.006462 0.486690 0.011767 0.016204
0 0.089603 0.487558 0.012539 0.020833
0 0.103299 0.697483 0.014082 0.016493
0 0.082755 0.744647 0.015046 0.019965
0 0.285976 0.500579 0.012924 0.023148
0 0.341628 0.582321 0.011188 0.014178
0 0.553627 0.580150 0.012731 0.024306
0 0.644001 0.620660 0.012153 0.016204
0 0.556617 0.750145 0.014468 0.019965
0 0.643904 0.651042 0.012346 0.012731
0 0.535301 0.497106 0.013503 0.014468
0 0.690683 0.637876 0.011381 0.014178
0 0.798997 0.701389 0.010417 0.017361
0 0.832851 0.822193 0.010995 0.016493
0 0.961034 0.658131 0.013503 0.015336