0 0.345679 0.312355 0.010802 0.018229
0 0.348958 0.242477 0.011188 0.014468
0 0.371046 0.350839 0.013310 0.011863
0 0.378086 0.357784 0.009645 0.010127
0 0.390239 0.385272 0.014275 0.014757
0 0.421875 0.317564 0.013117 0.011863
0 0.450810 0.313223 0.011188 0.015914
0 0.478588 0.258825 0.011188 0.012442
0 0.619502 0.379485 0.008681 0.014178
0 0.631173 0.202257 0.011188 0.015625
0 0.651138 0.175781 0.011767 0.015914
0 0.647762 0.443432 0.013503 0.015914
0 0.334201 0.329572 0.011381 0.014468
0 0.026813 0.536024 0.012731 0.019387
0 0.027681 0.670428 0.016011 0.021991
0 0.093846 0.603009 0.009066 0.015046
0 0.097994 0.581163 0.015818 0.016493
0 0.114487 0.620949 0.016011 0.015625
0 0.085359 0.749711 0.014468 0.021412
0 0.153935 0.713397 0.015432 0.019965
0 0.188561 0.638455 0.014468 0.019387
0 0.263792 0.607205 0.014082 0.018808
0 0.307581 0.639034 0.009838 0.015336
0 0.453800 0.645689 0.014468 0.020544
0 0.359182 0.677228 0.010417 0.015336
0 0.362269 0.700087 0.013889 0.014178
0 0.381752 0.715133 0.009645 0.012442
0 0.374904 0.736545 0.012924 0.015914
0 0.478202 0.575087 0.010417 0.013600
0 0.528839 0.609230 0.012539 0.013021
0 0.543692 0.574797 0.011767 0.015336
0 0.591242 0.507089 0.012346 0.022280
0 0.603202 0.798177 0.012731 0.017072
0 0.900656 0.490885 0.012346 0.019965
0 0.918306 0.502894 0.012153 0.019097
0 0.943673 0.499277 0.015046 0.021123
0 0.994792 0.511863 0.010417 0.015625
0 0.972994 0.771991 0.011960 0.015625
0 0.988812 0.804832 0.008102 0.011285
0 0.996238 0.798177 0.007523 0.010706
0 0.991705 0.816117 0.008488 0.011285
0 0.803337 0.819155 0.016011 0.011574
0 0.006366 0.410446 0.009645 0.014757
0 0.037809 0.272280 0.009645 0.015625
0 0.089217 0.215278 0.010224 0.013310
0 0.113812 0.309028 0.011960 0.020255
0 0.184703 0.361690 0.013310 0.013889
0 0.193673 0.364294 0.009259 0.017940
0 0.233893 0.450955 0.009838 0.016493
0 0.250386 0.408131 0.010802 0.013600
0 0.275367 0.353443 0.011381 0.014178
0 0.278164 0.389034 0.011960 0.021701
0 0.244985 0.196615 0.008488 0.014757
0 0.322145 0.201534 0.011574 0.016493
0 0.302469 0.323929 0.009645 0.014178
0 0.325810 0.347656 0.012346 0.015336
0 0.634549 0.286458 0.010995 0.019097
0 0.694830 0.267940 0.009645 0.012731
0 0.734086 0.186053 0.009452 0.012153
0 0.753183 0.364149 0.011381 0.025752
0 0.747878 0.425347 0.010802 0.014468
0 0.826485 0.159144 0.007909 0.013889
0 0.797357 0.196759 0.009838 0.015625
0 0.815586 0.233941 0.008873 0.012442
0 0.866127 0.234375 0.007716 0.011574
0 0.911458 0.197193 0.007716 0.014178
0 0.907118 0.239294 0.008681 0.016782
0 0.797936 0.318287 0.009452 0.014468
0 0.847126 0.267216 0.009838 0.013600
0 0.876543 0.311487 0.010031 0.011863
0 0.870853 0.326534 0.010224 0.013021
0 0.864969 0.355469 0.010802 0.015914
0 0.889178 0.409433 0.009838 0.017940
0 0.991416 0.559896 0.013310 0.020255
0 0.875289 0.616898 0.010610 0.017940
0 0.980999 0.269242 0.009838 0.015914
0 0.950328 0.273003 0.013696 0.015336