0 0.009934 0.223090 0.009838 0.017361
0 0.132909 0.195023 0.012346 0.013310
0 0.128954 0.241898 0.010224 0.016782
0 0.175058 0.186343 0.009452 0.016204
0 0.174576 0.212529 0.011574 0.015914
0 0.184414 0.238281 0.014275 0.015336
0 0.247589 0.188368 0.012539 0.017940
0 0.230613 0.267940 0.013696 0.022569
0 0.244599 0.314236 0.012731 0.012731
0 0.247878 0.302228 0.013889 0.011863
0 0.072338 0.358507 0.012346 0.019676
0 0.146219 0.370515 0.012346 0.018229
0 0.183160 0.371383 0.014082 0.018229
0 0.227527 0.414062 0.013310 0.015625
0 0.254051 0.419850 0.015432 0.018519
0 0.039738 0.428675 0.011960 0.016493
0 0.071470 0.441696 0.012924 0.017072
0 0.084877 0.439525 0.008873 0.016204
0 0.247396 0.447049 0.012153 0.018519
0 0.014564 0.493924 0.014853 0.015046
0 0.057195 0.479022 0.009452 0.016493
0 0.187500 0.486979 0.013503 0.017361
0 0.202739 0.503762 0.011188 0.013310
0 0.439622 0.184751 0.013889 0.015914
0 0.495467 0.154369 0.012153 0.013021
0 0.570891 0.158275 0.009066 0.015046
0 0.575714 0.166667 0.009838 0.012731
0 0.604745 0.155237 0.009259 0.014178
0 0.425058 0.302662 0.014468 0.019097
0 0.398052 0.364439 0.014853 0.017650
0 0.451871 0.335214 0.011767 0.015336
0 0.500289 0.293113 0.011381 0.016782
0 0.490837 0.412616 0.014468 0.015625
0 0.419657 0.453270 0.012539 0.016493
0 0.562886 0.440249 0.013503 0.018808
0 0.598476 0.383970 0.016397 0.019097
0 0.603684 0.410012 0.012153 0.015046
0 0.732060 0.161603 0.010417 0.015336
0 0.679398 0.263455 0.010802 0.018229
0 0.746624 0.185909 0.012924 0.015336
0 0.776910 0.191696 0.010224 0.017650
0 0.801022 0.168837 0.013696 0.014178
0 0.822627 0.169126 0.010995 0.013021
0 0.818480 0.220920 0.013889 0.014757
0 0.803916 0.244792 0.010995 0.021991
0 0.769194 0.273148 0.010995 0.016782
0 0.731674 0.325231 0.011574 0.013310
0 0.695988 0.355758 0.009645 0.013021
0 0.708044 0.394821 0.013696 0.017650
0 0.765625 0.406105 0.010802 0.015336
0 0.792342 0.422020 0.010224 0.013600
0 0.701582 0.455584 0.011188 0.016493
0 0.820312 0.266638 0.010995 0.018229
0 0.852334 0.259838 0.009452 0.017361
0 0.842207 0.276186 0.010802 0.014178
0 0.934510 0.159433 0.010610 0.015625
0 0.920042 0.201100 0.013310 0.018519
0 0.995756 0.307726 0.008102 0.015914
0 0.824460 0.340278 0.010031 0.014468
0 0.864487 0.327402 0.013696 0.016493
0 0.885899 0.431858 0.009452 0.015336
0 0.864680 0.257234 0.012539 0.019676
0 0.085455 0.642650 0.010031 0.015046
0 0.034144 0.732060 0.011574 0.015625
0 0.055266 0.741464 0.015239 0.014757
0 0.090374 0.688657 0.010610 0.013889
0 0.108507 0.720197 0.013696 0.013889
0 0.190586 0.710214 0.011574 0.015336
0 0.200424 0.725984 0.011574 0.012731
0 0.281346 0.560619 0.009452 0.015336
0 0.130305 0.616753 0.010995 0.014757
0 0.153742 0.605613 0.008873 0.018519
0 0.183449 0.603154 0.009259 0.014178
0 0.232639 0.596644 0.010802 0.017940
0 0.240837 0.602865 0.009452 0.015336
0 0.319444 0.652344 0.010417 0.015914
0 0.331211 0.711516 0.008873 0.013889
0 0.149884 0.793403 0.011574 0.015046
0 0.009645 0.819878 0.010031 0.014757
0 0.071759 0.839120 0.010802 0.012153
0 0.267458 0.820023 0.011767 0.015625
0 0.308160 0.782552 0.011381 0.013600
0 0.285204 0.854167 0.011767 0.008102
0 0.354456 0.602575 0.011381 0.014757
0 0.400463 0.563368 0.010417 0.013310
0 0.426215 0.565683 0.010224 0.019097
0 0.424093 0.614439 0.010610 0.016493
0 0.396798 0.639902 0.010031 0.013021
0 0.381848 0.664786 0.012153 0.019965
0 0.523148 0.649161 0.011960 0.017072
0 0.541474 0.623843 0.012731 0.015625
0 0.601177 0.551360 0.012924 0.015914
0 0.538870 0.675926 0.014853 0.017361
0 0.600598 0.640336 0.012924 0.016782
0 0.648438 0.629051 0.012539 0.018519
0 0.622010 0.680845 0.012924 0.018519
0 0.656250 0.661024 0.011574 0.018229
0 0.475019 0.688657 0.012153 0.014468
0 0.474248 0.715278 0.009066 0.013310
0 0.473573 0.759983 0.013503 0.018808
0 0.499807 0.780671 0.010802 0.016782
0 0.524113 0.779369 0.012346 0.017650
0 0.565586 0.764178 0.014275 0.014468
0 0.592400 0.731481 0.011188 0.014468
0 0.592496 0.784867 0.014082 0.018229
0 0.582176 0.812500 0.011574 0.016204
0 0.534626 0.840278 0.009838 0.014468
0 0.661555 0.762731 0.008681 0.016204
0 0.505305 0.506221 0.012539 0.014178
0 0.395158 0.757957 0.013696 0.015914
0 0.896991 0.561632 0.010417 0.013310
0 0.895255 0.572338 0.009645 0.013310
0 0.965953 0.550203 0.010610 0.015336
0 0.952450 0.566551 0.010995 0.013310
0 0.939333 0.596933 0.008295 0.016204
0 0.933063 0.599537 0.010802 0.016204
0 0.925347 0.676939 0.010031 0.015914
0 0.956501 0.637876 0.012153 0.017650
0 0.976755 0.612703 0.012539 0.018808
0 0.682774 0.585214 0.010610 0.015914
0 0.800829 0.710359 0.012153 0.018519
0 0.806809 0.735532 0.012924 0.017940
0 0.844136 0.804543 0.015046 0.018808
0 0.964603 0.791377 0.011767 0.016782
0 0.947627 0.703125 0.011767 0.015625
0 0.752025 0.850550 0.011767 0.012442
0 0.934221 0.662616 0.010031 0.013310
0 0.946856 0.575521 0.010610 0.012153
0 0.902681 0.820747 0.017554 0.020544
0 0.768422 0.503906 0.010995 0.017072