0 0.013407 0.321181 0.007909 0.012731
0 0.006462 0.419560 0.008681 0.012731
0 0.053916 0.388310 0.010610 0.013310
0 0.019097 0.519531 0.008873 0.011863
0 0.231481 0.503038 0.012346 0.015336
0 0.179880 0.272425 0.009838 0.013021
0 0.081597 0.188802 0.009259 0.013021
0 0.631559 0.235532 0.013503 0.016782
0 0.646894 0.280816 0.012153 0.016493
0 0.415606 0.305122 0.010610 0.015336
0 0.340471 0.451244 0.009645 0.017650
0 0.417149 0.405382 0.010995 0.016782
0 0.548611 0.447917 0.014660 0.020833
0 0.580054 0.464554 0.014275 0.019387
0 0.634934 0.404803 0.014082 0.021412
0 0.558931 0.490307 0.010610 0.013021
0 0.817419 0.408275 0.011767 0.014468
0 0.759356 0.466435 0.010610 0.015625
0 0.742284 0.482928 0.010417 0.015625
0 0.966339 0.513021 0.009838 0.016782
0 0.031346 0.653212 0.009452 0.012442
0 0.040606 0.586227 0.008295 0.014468
0 0.129051 0.564381 0.009259 0.012442
0 0.128472 0.736979 0.011188 0.017940
0 0.012056 0.795718 0.010610 0.012731
0 0.226273 0.789207 0.011960 0.016493
0 0.367670 0.631366 0.010802 0.015625
0 0.506076 0.537905 0.009838 0.015625
0 0.514468 0.549045 0.010802 0.014178
0 0.559992 0.716291 0.009259 0.015336
0 0.426119 0.812645 0.010031 0.011863
0 0.348187 0.878762 0.010031 0.013310
0 0.588638 0.855324 0.010995 0.019097
0 0.767072 0.560041 0.009066 0.015336
0 0.715374 0.647425 0.011381 0.015914
0 0.704765 0.684462 0.012539 0.015336
0 0.731964 0.730903 0.011381 0.015625
0 0.811535 0.686487 0.012346 0.016493
0 0.855806 0.792390 0.010995 0.013600
0 0.739583 0.823929 0.010802 0.015914
0 0.862269 0.862847 0.010802 0.015046
0 0.901042 0.823206 0.010802 0.015625