0 0.074363 0.202691 0.014082 0.019387
0 0.155864 0.198206 0.013117 0.019097
0 0.017361 0.269387 0.013503 0.014468
0 0.031732 0.319734 0.010995 0.017361
0 0.107157 0.262587 0.008681 0.010127
0 0.108603 0.251881 0.011188 0.010706
0 0.201485 0.361545 0.013696 0.018229
0 0.036651 0.450087 0.013889 0.017072
0 0.032890 0.489439 0.010224 0.017072
0 0.044367 0.501447 0.010417 0.016204
0 0.283565 0.486834 0.015432 0.022280
0 0.305556 0.435330 0.012731 0.017650
0 0.292342 0.287326 0.012924 0.016782
0 0.321759 0.208189 0.013117 0.016493
0 0.438947 0.217014 0.011767 0.017361
0 0.514275 0.191406 0.010802 0.014178
0 0.614101 0.177951 0.012153 0.016782
0 0.424190 0.289931 0.011960 0.015046
0 0.409915 0.314525 0.013503 0.018519
0 0.487269 0.315394 0.012731 0.019097
0 0.613908 0.382812 0.012153 0.014468
0 0.508970 0.477141 0.012153 0.015625
0 0.520833 0.460359 0.015432 0.017940
0 0.353588 0.441262 0.012346 0.015625
0 0.638214 0.471933 0.015239 0.017940
0 0.439815 0.398003 0.011188 0.016493
0 0.816840 0.248987 0.013310 0.014178
0 0.798129 0.259693 0.015239 0.019965
0 0.698881 0.278067 0.014660 0.019676
0 0.907986 0.224682 0.013503 0.013600
0 0.991512 0.312211 0.014275 0.018519
0 0.674479 0.389034 0.011767 0.015336
0 0.679880 0.480179 0.010610 0.018229
0 0.062404 0.594618 0.012924 0.010995
0 0.121046 0.589265 0.013310 0.017072
0 0.165220 0.581742 0.012153 0.013600
0 0.154321 0.613281 0.013889 0.015914
0 0.121721 0.695312 0.011960 0.014468
0 0.215567 0.674913 0.012153 0.015914
0 0.218171 0.660880 0.009645 0.014468
0 0.272859 0.683883 0.014082 0.015914
0 0.328897 0.610532 0.009259 0.013310
0 0.040702 0.819010 0.010031 0.015336
0 0.108121 0.829716 0.014082 0.017650
0 0.177758 0.821615 0.012539 0.017650
0 0.223187 0.764323 0.013503 0.016493
0 0.315490 0.817130 0.011767 0.016782
0 0.019579 0.870804 0.011767 0.015914
0 0.114294 0.865017 0.010610 0.015914
0 0.100405 0.878472 0.011767 0.017940
0 0.370756 0.580440 0.014275 0.016204
0 0.403935 0.587095 0.012346 0.019676
0 0.348669 0.622975 0.011381 0.019097
0 0.386767 0.790943 0.011574 0.016493
0 0.434317 0.794850 0.012539 0.019676
0 0.459394 0.801649 0.012539 0.020544
0 0.510417 0.798900 0.011960 0.019676
0 0.372203 0.878328 0.012539 0.014178
0 0.453993 0.855903 0.014082 0.014468
0 0.501543 0.863571 0.011574 0.019965
0 0.593075 0.651186 0.017168 0.022859
0 0.628762 0.688802 0.012924 0.015914
0 0.578993 0.542679 0.018711 0.017072
0 0.681038 0.621962 0.010610 0.013021
0 0.758295 0.595486 0.011960 0.014468
0 0.677469 0.735966 0.014275 0.017072
0 0.754533 0.734664 0.014853 0.016782
0 0.775270 0.745660 0.009645 0.012153
0 0.766011 0.756366 0.011188 0.012153
0 0.836034 0.829427 0.009259 0.012442
0 0.929205 0.527199 0.008488 0.013310