0 0.090181 0.220341 0.009066 0.015336
0 0.106096 0.241898 0.013117 0.013889
0 0.012346 0.343316 0.012346 0.019387
0 0.431617 0.342159 0.011767 0.018229
0 0.442612 0.331887 0.010610 0.013310
0 0.380594 0.186198 0.013503 0.014757
0 0.542728 0.248409 0.016397 0.022859
0 0.636188 0.253038 0.009645 0.017072
0 0.636381 0.283999 0.008102 0.016493
0 0.621142 0.328704 0.010417 0.017361
0 0.604167 0.333912 0.013503 0.021412
0 0.605131 0.373264 0.013503 0.015046
0 0.474923 0.472801 0.014660 0.014468
0 0.557485 0.518229 0.015046 0.016204
0 0.639178 0.182002 0.013696 0.017940
0 0.637828 0.204716 0.012153 0.014178
0 0.550251 0.391782 0.012924 0.017940
0 0.694637 0.260127 0.013117 0.012731
0 0.760995 0.218461 0.021219 0.015625
0 0.764178 0.277199 0.013310 0.019097
0 0.716242 0.304832 0.011188 0.013021
0 0.708623 0.327257 0.011767 0.014468
0 0.738426 0.427951 0.015818 0.017940
0 0.855228 0.345775 0.012539 0.016782
0 0.841628 0.274740 0.011574 0.018229
0 0.934703 0.267361 0.010224 0.016782
0 0.971740 0.259404 0.014468 0.017072
0 0.940779 0.351128 0.009259 0.013600
0 0.868152 0.464699 0.014082 0.016782
0 0.722222 0.317853 0.010417 0.018229
0 0.105324 0.852865 0.010417 0.017072
0 0.262924 0.834057 0.016975 0.020544
0 0.277296 0.525463 0.012924 0.013889
0 0.363715 0.610388 0.013310 0.015336
0 0.384066 0.661024 0.013117 0.018229
0 0.451292 0.624132 0.012153 0.019676
0 0.544174 0.675347 0.009259 0.013310
0 0.625386 0.550926 0.010802 0.019097
0 0.629051 0.570747 0.010802 0.017072
0 0.662133 0.697772 0.010995 0.014178
0 0.640625 0.841291 0.011960 0.018229
0 0.654803 0.858073 0.012153 0.018808
0 0.647087 0.566985 0.007137 0.008970
0 0.883005 0.780382 0.016782 0.021412
0 0.720390 0.837095 0.013310 0.019676
0 0.849537 0.884693 0.012731 0.014178
0 0.910687 0.847367 0.014660 0.019387
0 0.985725 0.854311 0.015046 0.020544
0 0.878279 0.654659 0.009259 0.013600
0 0.857639 0.672309 0.010031 0.015336
0 0.982542 0.635851 0.009838 0.012442
0 0.962191 0.712529 0.009645 0.017072