0 0.074171 0.199797 0.012153 0.014757
0 0.036748 0.228733 0.011381 0.012442
0 0.015432 0.304543 0.008488 0.011285
0 0.045718 0.451968 0.013503 0.014468
0 0.181713 0.440828 0.013889 0.014757
0 0.226562 0.247830 0.012153 0.014757
0 0.149981 0.259549 0.012924 0.014468
0 0.153356 0.352720 0.013503 0.015625
0 0.060860 0.358796 0.016011 0.017361
0 0.376543 0.178530 0.009645 0.012153
0 0.436053 0.209635 0.008295 0.013600
0 0.566165 0.211227 0.011960 0.017361
0 0.644965 0.221354 0.010224 0.010995
0 0.649691 0.297454 0.010031 0.017361
0 0.452836 0.434028 0.008681 0.017940
0 0.376736 0.322627 0.008873 0.011574
0 0.650945 0.399161 0.011381 0.016493
0 0.503183 0.192853 0.011767 0.013021
0 0.611111 0.186921 0.012346 0.011574
0 0.752701 0.304832 0.013503 0.014757
0 0.752894 0.259259 0.015432 0.013889
0 0.777488 0.199653 0.013696 0.015046
0 0.854070 0.228009 0.012153 0.016204
0 0.984471 0.259838 0.010224 0.021412
0 0.856771 0.313513 0.012539 0.020544
0 0.790509 0.283131 0.011960 0.013021
0 0.806424 0.291956 0.012924 0.012731
0 0.807581 0.310185 0.011767 0.013310
0 0.708333 0.452546 0.014275 0.016204
0 0.674769 0.507668 0.012346 0.019387
0 0.975984 0.499421 0.014853 0.012731
0 0.964313 0.357350 0.010802 0.018519
0 0.953993 0.400463 0.008295 0.019097
0 0.162809 0.542390 0.012346 0.014757
0 0.015529 0.698061 0.011767 0.017072
0 0.103299 0.737269 0.012539 0.015046
0 0.071759 0.792245 0.011574 0.017361
0 0.154996 0.837240 0.012924 0.014757
0 0.206790 0.839120 0.010031 0.011574
0 0.194155 0.856047 0.013696 0.016493
0 0.289062 0.760272 0.013696 0.017650
0 0.330343 0.804543 0.009452 0.015914
0 0.249325 0.834491 0.011767 0.011574
0 0.400849 0.641059 0.008488 0.015914
0 0.350309 0.721644 0.011574 0.014468
0 0.423804 0.786314 0.015432 0.019387
0 0.440201 0.791233 0.010417 0.019965
0 0.469618 0.664497 0.011767 0.017072
0 0.567130 0.681134 0.013117 0.017940
0 0.583816 0.855613 0.010995 0.018519
0 0.615258 0.812645 0.013310 0.014757
0 0.438657 0.541377 0.009259 0.014468
0 0.731096 0.556424 0.010417 0.013310
0 0.757427 0.629774 0.014468 0.017650
0 0.713252 0.699653 0.011381 0.014468
0 0.735725 0.800926 0.008873 0.017940
0 0.750289 0.809896 0.010224 0.014468
0 0.672743 0.861979 0.011767 0.019097
0 0.864294 0.767072 0.010224 0.016782
0 0.803916 0.634983 0.012153 0.014757
0 0.883005 0.536024 0.009452 0.011285
0 0.830922 0.609520 0.014853 0.013600
0 0.858410 0.639902 0.009645 0.017072
0 0.843461 0.661748 0.008681 0.014468
0 0.876640 0.857928 0.010224 0.018519
0 0.145062 0.535012 0.007716 0.016782
0 0.139468 0.898872 0.009645 0.008970