0 0.126350 0.203704 0.013117 0.020833
0 0.043017 0.269531 0.012731 0.018229
0 0.101370 0.331308 0.014468 0.014468
0 0.190490 0.232350 0.014082 0.020255
0 0.226177 0.216725 0.010995 0.017361
0 0.440683 0.236690 0.017554 0.023148
0 0.543113 0.231047 0.012924 0.015914
0 0.484471 0.478299 0.012924 0.017361
0 0.578800 0.517506 0.011767 0.018229
0 0.658565 0.486111 0.012731 0.020255
0 0.512828 0.255498 0.008295 0.016782
0 0.760031 0.196759 0.012346 0.014468
0 0.823688 0.323495 0.013117 0.018519
0 0.948785 0.204572 0.013696 0.017361
0 0.201196 0.611979 0.011574 0.015625
0 0.224344 0.753328 0.012346 0.015914
0 0.269194 0.541811 0.011767 0.016493
0 0.503665 0.720920 0.013889 0.018229
0 0.604552 0.756944 0.013889 0.016204
0 0.589506 0.805411 0.011188 0.015914
0 0.682581 0.656973 0.012539 0.021123
0 0.668113 0.704716 0.010610 0.016493
0 0.835069 0.736545 0.013889 0.020544
0 0.862558 0.855469 0.013310 0.019387
0 0.907022 0.575810 0.008102 0.017361
0 0.994695 0.619068 0.010610 0.014757
0 0.913677 0.576244 0.008295 0.013600
0 0.949074 0.172020 0.013117 0.021123