0 0.062114 0.278935 0.010031 0.012153
0 0.022280 0.240596 0.010224 0.015336
0 0.055266 0.314670 0.011767 0.013600
0 0.102527 0.203848 0.011767 0.017072
0 0.160590 0.287616 0.009838 0.012153
0 0.231289 0.218750 0.011188 0.017361
0 0.234182 0.309028 0.012731 0.016782
0 0.228395 0.337529 0.008488 0.013021
0 0.329282 0.273727 0.009645 0.012731
0 0.090181 0.472222 0.010610 0.015625
0 0.101080 0.527488 0.012346 0.013889
0 0.243924 0.466725 0.010995 0.016782
0 0.301312 0.468605 0.010417 0.015336
0 0.546682 0.198061 0.010802 0.013600
0 0.571181 0.190683 0.010031 0.013889
0 0.389468 0.262153 0.011188 0.014468
0 0.378954 0.285880 0.008681 0.015625
0 0.443769 0.264468 0.010610 0.015046
0 0.386863 0.359954 0.011767 0.016204
0 0.406443 0.382957 0.009259 0.014757
0 0.539159 0.412471 0.009645 0.015914
0 0.584201 0.298900 0.010224 0.012731
0 0.632620 0.235966 0.010224 0.013600
0 0.624035 0.413050 0.011188 0.016493
0 0.637249 0.401620 0.009066 0.016782
0 0.785783 0.184462 0.013310 0.016493
0 0.748264 0.296007 0.011188 0.017361
0 0.753665 0.337963 0.012731 0.021412
0 0.794367 0.268519 0.011574 0.021991
0 0.911651 0.336082 0.014660 0.019965
0 0.984182 0.396412 0.008873 0.014468
0 0.928434 0.184606 0.012731 0.013889
0 0.947724 0.174190 0.011574 0.013310
0 0.054784 0.610243 0.010031 0.021991
0 0.105228 0.642795 0.010610 0.017650
0 0.316744 0.576534 0.012346 0.019387
0 0.024595 0.566696 0.010610 0.015914
0 0.347512 0.770544 0.010995 0.013310
0 0.411555 0.764178 0.010610 0.017940
0 0.484664 0.764323 0.011381 0.013021
0 0.465278 0.631076 0.011188 0.018519
0 0.580343 0.663773 0.012539 0.017940
0 0.639371 0.675926 0.012539 0.017940
0 0.657697 0.698640 0.012153 0.015336
0 0.534336 0.826968 0.010417 0.014468
0 0.565972 0.814815 0.011960 0.015625
0 0.653742 0.541233 0.011574 0.013600
0 0.799093 0.718316 0.012539 0.020544
0 0.878376 0.729167 0.012539 0.017940
0 0.736497 0.850550 0.011574 0.019387
0 0.802083 0.834201 0.011960 0.016782
0 0.899016 0.825955 0.013310 0.019965
0 0.990066 0.830584 0.011381 0.018229
0 0.385706 0.170139 0.009066 0.011574