0 0.172454 0.343605 0.010417 0.014757
0 0.078993 0.476707 0.011381 0.017650
0 0.051312 0.174769 0.009259 0.011574
0 0.497492 0.363426 0.013117 0.017361
0 0.582948 0.398003 0.011960 0.016493
0 0.532697 0.468316 0.012924 0.017650
0 0.572917 0.463976 0.010802 0.015336
0 0.572531 0.521701 0.009259 0.014468
0 0.757909 0.226273 0.011574 0.016782
0 0.819444 0.331887 0.011188 0.015625
0 0.846258 0.339410 0.010802 0.019097
0 0.940876 0.191840 0.010995 0.019097
0 0.994985 0.243345 0.010031 0.012731
0 0.765721 0.168981 0.011767 0.014468
0 0.221836 0.575955 0.012731 0.018808
0 0.436053 0.547309 0.010224 0.015336
0 0.819444 0.664062 0.010031 0.019676
0 0.724730 0.836950 0.011960 0.018808
0 0.971161 0.540220 0.006366 0.015046
0 0.638503 0.623409 0.017361 0.016493