0 0.114294 0.413773 0.012539 0.019676
0 0.083526 0.445457 0.012731 0.015914
0 0.125193 0.343316 0.013503 0.018229
0 0.197145 0.202402 0.013503 0.018808
0 0.264468 0.252749 0.012346 0.021701
0 0.243827 0.525318 0.011188 0.013600
0 0.007909 0.339554 0.010031 0.014178
0 0.404707 0.346499 0.013889 0.021123
0 0.475598 0.461082 0.015239 0.017650
0 0.406829 0.520689 0.010802 0.012442
0 0.483218 0.221209 0.011574 0.017650
0 0.777778 0.302662 0.012346 0.017940
0 0.708430 0.224826 0.013696 0.017361
0 0.756559 0.391638 0.013889 0.018229
0 0.802083 0.426649 0.014660 0.021123
0 0.991995 0.275897 0.016011 0.020544
0 0.115066 0.592593 0.011381 0.016204
0 0.042052 0.662326 0.011188 0.016782
0 0.251350 0.826678 0.014660 0.017940
0 0.244695 0.578559 0.008681 0.019387
0 0.256076 0.545139 0.010224 0.014468
0 0.297068 0.697049 0.014275 0.019097
0 0.223862 0.669416 0.014468 0.013600
0 0.006944 0.877749 0.010802 0.018229
0 0.089120 0.536892 0.008873 0.014757
0 0.422261 0.831453 0.009645 0.014757
0 0.368248 0.865017 0.008488 0.014757
0 0.418403 0.571615 0.010031 0.013021
0 0.766204 0.588976 0.013117 0.015914