0 0.072820 0.311777 0.011381 0.014178
0 0.085841 0.344763 0.010031 0.014757
0 0.124614 0.294560 0.010031 0.012153
0 0.146026 0.349971 0.015046 0.014757
0 0.218943 0.323061 0.009259 0.015914
0 0.295814 0.367477 0.013310 0.016782
0 0.523823 0.264902 0.013696 0.015336
0 0.347994 0.367622 0.015432 0.017650
0 0.383198 0.509404 0.013696 0.015914
0 0.724923 0.340856 0.014275 0.021991
0 0.843846 0.222512 0.010224 0.013889
0 0.841242 0.310330 0.012731 0.014757
0 0.879630 0.337384 0.009645 0.013889
0 0.935475 0.286603 0.011381 0.014757
0 0.982542 0.193576 0.011767 0.015046
0 0.011285 0.722078 0.011767 0.013600
0 0.180941 0.746238 0.010802 0.016204
0 0.326968 0.819300 0.013117 0.015336
0 0.399981 0.747830 0.013696 0.017072
0 0.350019 0.812500 0.012924 0.016782
0 0.491995 0.834780 0.012539 0.018519
0 0.522955 0.575087 0.013889 0.018808
0 0.379147 0.881510 0.011767 0.013600
0 0.507234 0.868924 0.014853 0.012153
0 0.390336 0.752025 0.009066 0.017361
0 0.768036 0.656105 0.012153 0.019387
0 0.803819 0.712529 0.012731 0.017650
0 0.715664 0.823929 0.010802 0.017072
0 0.822724 0.871672 0.014660 0.017650
0 0.325135 0.890191 0.007137 0.004919