0 0.090085 0.324942 0.013503 0.018519
0 0.083333 0.214120 0.011574 0.017940
0 0.253858 0.243779 0.011574 0.017650
0 0.257330 0.199508 0.008102 0.015336
0 0.599730 0.226562 0.011960 0.018519
0 0.630594 0.261140 0.010802 0.016493
0 0.659047 0.286458 0.007909 0.016204
0 0.881366 0.458478 0.009645 0.020544
0 0.461420 0.587095 0.017747 0.017940
0 0.483796 0.568432 0.016590 0.022280
0 0.745853 0.586806 0.009066 0.015046
0 0.863426 0.603733 0.011188 0.016493
0 0.873457 0.616609 0.011188 0.014468
0 0.903164 0.686053 0.008102 0.013889
0 0.019097 0.631366 0.011188 0.013310