0 0.124807 0.193721 0.010031 0.016493
0 0.152296 0.262442 0.011381 0.016782
0 0.411265 0.360966 0.011960 0.017650
0 0.582851 0.493634 0.010610 0.017940
0 0.608218 0.493634 0.011574 0.018519
0 0.050444 0.663050 0.012153 0.014178
0 0.064236 0.680411 0.011188 0.015336
0 0.063657 0.838831 0.013117 0.014468
0 0.222994 0.732205 0.013117 0.018229
0 0.282600 0.798756 0.011574 0.017650
0 0.419271 0.672020 0.012924 0.015336
0 0.438272 0.755642 0.010802 0.018808
0 0.721740 0.817708 0.011381 0.017361
0 0.772569 0.566985 0.012731 0.012442
0 0.222512 0.520833 0.008295 0.013889
0 0.773534 0.888021 0.010417 0.012153
0 0.666474 0.563802 0.010802 0.015336
0 0.733121 0.423032 0.010224 0.019097