0 0.112558 0.280382 0.010995 0.016782
0 0.136285 0.243779 0.011381 0.015336
0 0.049190 0.357494 0.012346 0.017650
0 0.193094 0.312789 0.012731 0.019097
0 0.286265 0.220341 0.010802 0.014178
0 0.288966 0.487558 0.012731 0.015625
0 0.422936 0.192274 0.009838 0.014178
0 0.413580 0.238281 0.012731 0.019387
0 0.416474 0.299045 0.011960 0.014757
0 0.413098 0.154659 0.011381 0.010706
0 0.482542 0.424769 0.010995 0.011574
0 0.533854 0.495515 0.012924 0.015336
0 0.716725 0.181134 0.010995 0.014468
0 0.708044 0.407986 0.011381 0.013889
0 0.766107 0.387008 0.016011 0.015336
0 0.883488 0.251302 0.013117 0.024016
0 0.943191 0.268229 0.012539 0.016782
0 0.910012 0.172888 0.012539 0.017650
0 0.955054 0.440538 0.011188 0.013600
0 0.864198 0.487124 0.013117 0.014178
0 0.080922 0.654948 0.009838 0.014757
0 0.087674 0.677083 0.009452 0.015046
0 0.065297 0.785880 0.010995 0.015046
0 0.186343 0.830006 0.010031 0.017650
0 0.188754 0.644821 0.012539 0.017072
0 0.268519 0.674624 0.010802 0.015336
0 0.162712 0.545428 0.009452 0.015625
0 0.377894 0.559028 0.018133 0.021412
0 0.380112 0.708623 0.009066 0.017940
0 0.412423 0.758391 0.014275 0.018519
0 0.433160 0.825231 0.016782 0.017361
0 0.527392 0.742477 0.015818 0.021412
0 0.545235 0.685185 0.012924 0.014468
0 0.361304 0.521701 0.014275 0.010417
0 0.666377 0.166956 0.011381 0.013310
0 0.972319 0.541233 0.009066 0.013021