0 0.183835 0.273003 0.010031 0.017072
0 0.269290 0.262876 0.011188 0.014178
0 0.233121 0.392216 0.009838 0.014757
0 0.073013 0.162760 0.011381 0.012442
0 0.174961 0.163339 0.011574 0.013021
0 0.407118 0.373698 0.012153 0.021701
0 0.439043 0.369792 0.014275 0.017940
0 0.405093 0.270255 0.013503 0.017361
0 0.466339 0.297598 0.010610 0.015914
0 0.529032 0.298032 0.014853 0.019097
0 0.554880 0.303675 0.012924 0.019965
0 0.621817 0.432726 0.012539 0.022859
0 0.557195 0.189670 0.013696 0.017650
0 0.507909 0.171875 0.010031 0.015625
0 0.671586 0.297454 0.009452 0.020833
0 0.764275 0.315828 0.010802 0.021123
0 0.782407 0.190249 0.012731 0.013600
0 0.783661 0.178241 0.010610 0.019097
0 0.806231 0.215712 0.013310 0.020544
0 0.876157 0.228733 0.015432 0.018808
0 0.850984 0.357060 0.009838 0.015046
0 0.949267 0.251013 0.016204 0.022859
0 0.969715 0.248409 0.007330 0.018808
0 0.951871 0.170862 0.015239 0.020544
0 0.970197 0.302807 0.012539 0.023438
0 0.985629 0.312789 0.007523 0.015046
0 0.969715 0.424045 0.011188 0.016493
0 0.981578 0.507668 0.013696 0.018229
0 0.993538 0.510127 0.012924 0.016782
0 0.801022 0.384549 0.010224 0.015625
0 0.978588 0.301939 0.007716 0.018229
0 0.064043 0.564091 0.008102 0.015336
0 0.080826 0.816117 0.011188 0.012442
0 0.098669 0.846644 0.014853 0.015046
0 0.142843 0.579861 0.013310 0.017361
0 0.262056 0.591725 0.011767 0.015046
0 0.309799 0.578125 0.010417 0.015625
0 0.317130 0.642072 0.013503 0.017361
0 0.313175 0.707031 0.012924 0.018229
0 0.275270 0.748843 0.009645 0.017940
0 0.310089 0.802373 0.009452 0.013889
0 0.146412 0.868634 0.012731 0.018519
0 0.170814 0.523438 0.012539 0.014468
0 0.406829 0.537037 0.011960 0.022569
0 0.582562 0.639034 0.012731 0.024016
0 0.654514 0.723958 0.014660 0.017940
0 0.630305 0.799045 0.015239 0.022280
0 0.657986 0.823495 0.012346 0.016782
0 0.537519 0.795718 0.014082 0.021412
0 0.507330 0.811487 0.014275 0.019387
0 0.452643 0.790654 0.012153 0.021123
0 0.881462 0.561343 0.012153 0.021412
0 0.951968 0.641348 0.011960 0.014178
0 0.747878 0.780093 0.013117 0.017361
0 0.918981 0.797020 0.010031 0.015336
0 0.952643 0.653212 0.009838 0.015336
0 0.779803 0.575666 0.009452 0.018229
0 0.734279 0.767650 0.009452 0.014468
0 0.767747 0.578414 0.012731 0.017940
0 0.001640 0.648582 0.002894 0.008391