0 0.123843 0.340567 0.013503 0.017940
0 0.300829 0.469329 0.010610 0.017940
0 0.328125 0.383970 0.010802 0.016204
0 0.029707 0.297164 0.011574 0.018519
0 0.160108 0.263600 0.011188 0.017361
0 0.415992 0.340133 0.014468 0.015336
0 0.341146 0.181713 0.012153 0.016782
0 0.395930 0.173466 0.014082 0.017072
0 0.564140 0.186198 0.011767 0.018229
0 0.561439 0.250434 0.012924 0.019387
0 0.618538 0.335793 0.013310 0.021123
0 0.790895 0.349537 0.015818 0.020255
0 0.945216 0.336806 0.010417 0.016782
0 0.964603 0.448785 0.012153 0.014468
0 0.712384 0.182870 0.013503 0.019097
0 0.883488 0.814670 0.011574 0.014178
0 0.975309 0.811777 0.010802 0.017072
0 0.562018 0.615307 0.012153 0.013021