0 0.347994 0.422454 0.012731 0.017940
0 0.561535 0.425203 0.009259 0.016493
0 0.790606 0.385995 0.012539 0.017361
0 0.939140 0.199797 0.016011 0.016493
0 0.762153 0.311777 0.010417 0.016493
0 0.056038 0.581453 0.010995 0.014178
0 0.072917 0.672743 0.013117 0.015046
0 0.225309 0.871238 0.012731 0.016204
0 0.308835 0.814236 0.011960 0.019676
0 0.504630 0.690683 0.013117 0.018519
0 0.477431 0.778067 0.013117 0.019676
0 0.647377 0.721209 0.013889 0.021701
0 0.610147 0.885561 0.011960 0.013021
0 0.662037 0.562355 0.009645 0.021701
0 0.703993 0.610243 0.011767 0.015625
0 0.896991 0.720920 0.010417 0.016493
0 0.967400 0.886140 0.010417 0.014178
0 0.005498 0.327836 0.007523 0.012153
0 0.090374 0.249566 0.006752 0.011285
0 0.089120 0.314959 0.011960 0.014178
0 0.307870 0.164207 0.008488 0.009549
0 0.855421 0.157697 0.010995 0.008681