0 0.141397 0.369213 0.016590 0.020255
0 0.271316 0.509549 0.015239 0.017361
0 0.056231 0.264468 0.013696 0.013889
0 0.414931 0.380353 0.017361 0.021123
0 0.548032 0.218895 0.012731 0.017072
0 0.538098 0.419126 0.011381 0.015914
0 0.984568 0.193142 0.014660 0.016493
0 0.756366 0.221209 0.014275 0.021123
0 0.981964 0.209057 0.014082 0.016493
0 0.989873 0.209635 0.010224 0.016493
0 0.687693 0.480469 0.013503 0.017650
0 0.196566 0.569010 0.011188 0.018808
0 0.018326 0.777922 0.013117 0.022859
0 0.070698 0.807002 0.014853 0.019097
0 0.023245 0.811777 0.014082 0.009549
0 0.168981 0.771412 0.011960 0.012731
0 0.170235 0.850694 0.010610 0.023727
0 0.065008 0.864294 0.013117 0.020255
0 0.326485 0.549624 0.009066 0.017072
0 0.543981 0.757957 0.013889 0.019965
0 0.430266 0.869358 0.013310 0.019965
0 0.652103 0.873553 0.013310 0.018519
0 0.052566 0.828125 0.005594 0.006366
0 0.266975 0.208189 0.008488 0.014757
0 0.859471 0.236111 0.007909 0.012731
0 0.769194 0.542390 0.009452 0.013021