0 0.382234 0.331597 0.014468 0.016782
0 0.393808 0.390914 0.014082 0.021991
0 0.444734 0.364439 0.012924 0.021123
0 0.520640 0.315683 0.011960 0.021412
0 0.520544 0.369647 0.014082 0.018229
0 0.570216 0.365307 0.010802 0.016493
0 0.598476 0.348669 0.011767 0.012153
0 0.571952 0.503183 0.013117 0.016782
0 0.439429 0.209201 0.014275 0.018519
0 0.438850 0.192708 0.013117 0.015046
0 0.473283 0.160012 0.012924 0.016204
0 0.427083 0.183449 0.014660 0.016782
0 0.679109 0.325666 0.013696 0.014757
0 0.817130 0.323351 0.011574 0.015336
0 0.785108 0.312355 0.013889 0.014178
0 0.870660 0.194444 0.015239 0.019676
0 0.982542 0.339988 0.012153 0.019676
0 0.708816 0.476418 0.016397 0.018229
0 0.704090 0.337818 0.015046 0.019965
0 0.926794 0.199653 0.014853 0.015625
0 0.760127 0.231337 0.011381 0.022280
0 0.965471 0.424190 0.011574 0.014468
0 0.787326 0.160012 0.009452 0.011574
0 0.123360 0.599103 0.012924 0.017650
0 0.274209 0.573351 0.012153 0.019965
0 0.209298 0.587818 0.013117 0.018808
0 0.046103 0.804543 0.015432 0.018229
0 0.043403 0.822917 0.011188 0.017940
0 0.031346 0.834491 0.010995 0.020833
0 0.210359 0.744502 0.012924 0.020255
0 0.010127 0.836082 0.009066 0.014757
0 0.120177 0.673322 0.012346 0.017361
0 0.173515 0.594184 0.010610 0.017650
0 0.401910 0.553675 0.010995 0.018808
0 0.462963 0.534578 0.012731 0.014178
0 0.460455 0.647569 0.013117 0.019097
0 0.530189 0.690972 0.014082 0.020255
0 0.365355 0.817708 0.012731 0.017361
0 0.455150 0.858796 0.014468 0.017940
0 0.552180 0.756944 0.014468 0.023148
0 0.552566 0.854311 0.014082 0.018808
0 0.563754 0.553241 0.010995 0.018519
0 0.589699 0.562066 0.008102 0.018808
0 0.510899 0.557292 0.014853 0.015046
0 0.586130 0.538484 0.014082 0.021991
0 0.429205 0.615451 0.011574 0.018519
0 0.780382 0.705150 0.019097 0.021991
0 0.826292 0.545284 0.007909 0.017072
0 0.691454 0.617911 0.013696 0.016493
0 0.889082 0.795718 0.013117 0.020255
0 0.935667 0.847656 0.012153 0.015914
0 0.885610 0.862124 0.010417 0.015914
0 0.979263 0.666667 0.010995 0.020833
0 0.968461 0.871094 0.013310 0.017650
0 0.852431 0.631366 0.018133 0.020255
0 0.789545 0.519242 0.012346 0.014178
0 0.811343 0.685330 0.015046 0.024016
0 0.161265 0.198061 0.013117 0.019965
0 0.142843 0.393953 0.009838 0.020544
0 0.201292 0.483507 0.009838 0.019676
0 0.288291 0.502749 0.010224 0.017072
0 0.047840 0.169850 0.012731 0.016204
0 0.108796 0.399884 0.010802 0.020833
0 0.064140 0.471499 0.010224 0.019387
0 0.169464 0.149306 0.009452 0.006944
0 0.933642 0.882234 0.008488 0.012731