0 0.304688 0.180122 0.009066 0.012442
0 0.327257 0.239005 0.008681 0.013310
0 0.063561 0.492622 0.014853 0.017072
0 0.677276 0.447483 0.009259 0.015336
0 0.802276 0.415075 0.013117 0.019965
0 0.689718 0.214120 0.010610 0.016782
0 0.304977 0.785012 0.015432 0.017361
0 0.135417 0.568142 0.013503 0.015914
0 0.140239 0.582321 0.013503 0.016493
0 0.172647 0.800203 0.012731 0.017650
0 0.093846 0.652778 0.015239 0.020833
0 0.491609 0.825666 0.015239 0.019965
0 0.439718 0.840278 0.016782 0.017940
0 0.425829 0.873843 0.014853 0.017940
0 0.549769 0.864149 0.015432 0.018229
0 0.806231 0.794705 0.012539 0.021123
0 0.670718 0.569878 0.007716 0.017072
0 0.023052 0.192130 0.008681 0.011574
0 0.845583 0.298177 0.007909 0.011285