0 0.139757 0.451823 0.012539 0.021123
0 0.111400 0.438802 0.010610 0.018229
0 0.239583 0.472656 0.015432 0.017650
0 0.314429 0.320312 0.011960 0.017361
0 0.295718 0.249421 0.014660 0.012731
0 0.222801 0.200666 0.011960 0.017650
0 0.296489 0.281829 0.013889 0.016782
0 0.072531 0.231337 0.011574 0.012442
0 0.095679 0.463686 0.011574 0.017650
0 0.486015 0.192419 0.014082 0.020255
0 0.418596 0.172309 0.013117 0.018229
0 0.614005 0.217014 0.012346 0.018519
0 0.589892 0.278501 0.017747 0.015914
0 0.529032 0.303964 0.013310 0.018808
0 0.441069 0.332465 0.016011 0.018519
0 0.547357 0.425492 0.012924 0.019965
0 0.648245 0.416233 0.014082 0.017650
0 0.345583 0.476852 0.010995 0.016204
0 0.503086 0.484520 0.011960 0.017072
0 0.427662 0.508681 0.015432 0.013310
0 0.600984 0.484954 0.014468 0.018519
0 0.437404 0.214554 0.010224 0.015336
0 0.643711 0.460938 0.011574 0.019097
0 0.661941 0.474682 0.009838 0.018808
0 0.580826 0.173177 0.011960 0.017072
0 0.851852 0.202402 0.025849 0.043113
0 0.964603 0.182147 0.011767 0.018229
0 0.988908 0.189381 0.013310 0.015914
0 0.776427 0.245515 0.011960 0.013600
0 0.745081 0.175492 0.012924 0.017650
0 0.727816 0.201968 0.010417 0.015046
0 0.719715 0.278791 0.013889 0.016493
0 0.692805 0.410301 0.012539 0.019097
0 0.785012 0.411169 0.014468 0.017940
0 0.711709 0.454282 0.009838 0.020255
0 0.822917 0.455150 0.011188 0.010995
0 0.948206 0.254485 0.011767 0.013600
0 0.973187 0.369213 0.012346 0.019097
0 0.098669 0.605903 0.014468 0.018519
0 0.167342 0.541088 0.015625 0.015625
0 0.079668 0.661603 0.012346 0.014757
0 0.057677 0.660156 0.010417 0.017072
0 0.009066 0.673756 0.012346 0.020544
0 0.068769 0.700810 0.013696 0.016782
0 0.067515 0.792535 0.011188 0.012731
0 0.038002 0.857784 0.015046 0.015914
0 0.213831 0.751013 0.017940 0.022280
0 0.251640 0.788773 0.014082 0.017361
0 0.141107 0.867477 0.006752 0.010417
0 0.053627 0.730324 0.011188 0.015625
0 0.197242 0.870515 0.009066 0.013600
0 0.522762 0.687645 0.014660 0.017072
0 0.527199 0.723380 0.011960 0.021991
0 0.485822 0.802662 0.009838 0.017361
0 0.338059 0.697627 0.008681 0.018519
0 0.744020 0.598958 0.008488 0.017361
0 0.701100 0.570457 0.012153 0.015914
0 0.676601 0.667969 0.014853 0.018808
0 0.733893 0.705295 0.016011 0.019965
0 0.795910 0.760851 0.012731 0.021701
0 0.911265 0.785880 0.015432 0.023727
0 0.967400 0.540220 0.010417 0.019676
0 0.987654 0.595197 0.008488 0.018519
0 0.948978 0.655382 0.012153 0.026620
0 0.992091 0.685619 0.014275 0.025752
0 0.871624 0.742766 0.015239 0.020255
0 0.006366 0.511574 0.007330 0.016204