0 0.075521 0.184896 0.009452 0.017940
0 0.220486 0.235388 0.010802 0.017650
0 0.317612 0.390914 0.010224 0.016204
0 0.404225 0.467448 0.011767 0.013021
0 0.655768 0.130498 0.007137 0.010995
0 0.056809 0.509404 0.009838 0.016493
0 0.075907 0.599537 0.009066 0.010417
0 0.099441 0.710938 0.009066 0.015046
0 0.232735 0.651476 0.008681 0.013600
0 0.270158 0.634838 0.010610 0.012153
0 0.294560 0.616753 0.010031 0.018808
0 0.251543 0.812789 0.011574 0.016782
0 0.550637 0.509259 0.010224 0.012731
0 0.638985 0.529514 0.009066 0.014468
0 0.486015 0.572338 0.007909 0.015625
0 0.458237 0.765625 0.008295 0.012731
0 0.599537 0.756944 0.009259 0.015046
0 0.645833 0.768374 0.006559 0.010706
0 0.952546 0.714554 0.015046 0.019965
0 0.865934 0.431713 0.006944 0.010995
0 0.923900 0.189670 0.009066 0.012442