0 0.435282 0.212529 0.009452 0.012442
0 0.367188 0.440538 0.009838 0.014178
0 0.604456 0.368056 0.008295 0.012153
0 0.387924 0.808883 0.010417 0.017072
0 0.460552 0.680700 0.009066 0.014178
0 0.553916 0.575376 0.010610 0.017072
0 0.615258 0.728443 0.014082 0.015914
0 0.272473 0.328848 0.007909 0.013600
0 0.086130 0.745949 0.007523 0.016204
0 0.868152 0.759693 0.009838 0.013021
0 0.990548 0.759983 0.010031 0.015336
0 0.954572 0.845486 0.007523 0.010417
0 0.765914 0.380064 0.009066 0.010706
0 0.073302 0.800203 0.006944 0.010127