0 0.268036 0.172020 0.014468 0.023438
0 0.228202 0.361256 0.013889 0.017650
0 0.121046 0.446759 0.010224 0.017940
0 0.198881 0.399016 0.010031 0.014468
0 0.176119 0.375868 0.008488 0.017940
0 0.189622 0.140191 0.015818 0.013021
0 0.529321 0.258681 0.010802 0.012731
0 0.578221 0.321615 0.016397 0.019965
0 0.610822 0.403356 0.014853 0.012731
0 0.393133 0.405961 0.010031 0.011574
0 0.474344 0.213686 0.013503 0.014178
0 0.490162 0.477865 0.011574 0.014757
0 0.743248 0.257089 0.013889 0.013600
0 0.793692 0.303530 0.010995 0.020833
0 0.799286 0.418981 0.009066 0.013310
0 0.872203 0.151042 0.014853 0.017940
0 0.980421 0.290799 0.012539 0.020833
0 0.911941 0.465133 0.009452 0.014757
0 0.817612 0.426360 0.007909 0.015914
0 0.210938 0.750145 0.015239 0.021123
0 0.292342 0.727575 0.010995 0.018808
0 0.281057 0.637297 0.009645 0.015336
0 0.309896 0.662905 0.009452 0.012153
0 0.249904 0.801071 0.014468 0.019965
0 0.422936 0.627459 0.013696 0.016493
0 0.398341 0.821904 0.014660 0.020544
0 0.572917 0.691696 0.008102 0.009549
0 0.722222 0.643229 0.013889 0.023148
0 0.853299 0.806568 0.015239 0.017650
0 0.797743 0.823929 0.016011 0.019965
0 0.861400 0.484230 0.014468 0.016493