0 0.226273 0.149450 0.010031 0.015336
0 0.253376 0.167535 0.014082 0.020833
0 0.322917 0.385272 0.012731 0.022859
0 0.068191 0.385127 0.012924 0.016782
0 0.275367 0.267072 0.014082 0.019676
0 0.107060 0.200810 0.011188 0.020833
0 0.831887 0.269821 0.013310 0.021701
0 0.715953 0.367043 0.012924 0.021123
0 0.310475 0.722656 0.010995 0.019965
0 0.133102 0.752749 0.008873 0.014178
0 0.325135 0.767216 0.011767 0.017650
0 0.323785 0.666088 0.010224 0.019097
0 0.436728 0.535012 0.014660 0.021991
0 0.605613 0.776042 0.017168 0.021412
0 0.605228 0.563657 0.012153 0.016782
0 0.490934 0.732784 0.013503 0.017650
0 0.794657 0.607494 0.013310 0.019387
0 0.735147 0.540220 0.014660 0.017940
0 0.897569 0.813223 0.010802 0.015336
0 0.550829 0.179398 0.006366 0.009259
0 0.437886 0.238860 0.006173 0.011285
0 0.589217 0.161458 0.007909 0.011574
0 0.075039 0.278646 0.008102 0.011574
0 0.055845 0.218750 0.008681 0.010417