0 0.558449 0.229022 0.011960 0.014178
0 0.490258 0.457031 0.014468 0.014178
0 0.904514 0.240307 0.009645 0.017072
0 0.750096 0.390770 0.014853 0.018808
0 0.863426 0.438223 0.012731 0.019387
0 0.922454 0.446325 0.013503 0.019387
0 0.963831 0.197338 0.013310 0.019676
0 0.814525 0.210359 0.011767 0.014468
0 0.249035 0.498119 0.007716 0.007812
0 0.121431 0.717159 0.006752 0.011863
0 0.072627 0.722512 0.009066 0.010417
0 0.079186 0.808015 0.006366 0.011285
0 0.227431 0.789786 0.009645 0.012442
0 0.283083 0.805266 0.009066 0.010417
0 0.261767 0.822483 0.008102 0.010127
0 0.269097 0.831453 0.008102 0.011285
0 0.331115 0.503617 0.008681 0.011285
0 0.602045 0.551071 0.010031 0.017650
0 0.633198 0.633536 0.013696 0.014178
0 0.324556 0.322483 0.007137 0.009549
0 0.219715 0.332031 0.009645 0.009549
0 0.087963 0.140914 0.006559 0.010417
0 0.197145 0.129919 0.007330 0.010417
0 0.051794 0.317708 0.006752 0.009838
0 0.462674 0.155961 0.009838 0.013310
0 0.912037 0.837963 0.007330 0.012153
0 0.720293 0.638600 0.007716 0.009838