0 0.449363 0.297743 0.010224 0.012731
0 0.500482 0.297020 0.010610 0.013600
0 0.339313 0.175926 0.007330 0.012731
0 0.868441 0.292824 0.009259 0.013889
0 0.935378 0.445312 0.011574 0.016782
0 0.063079 0.641204 0.007716 0.009259
0 0.173032 0.741464 0.010802 0.014178
0 0.328125 0.749421 0.008488 0.011574
0 0.092303 0.667679 0.007909 0.010127
0 0.479360 0.529225 0.009259 0.012153
0 0.521219 0.636429 0.010802 0.012442
0 0.455826 0.828125 0.010031 0.017361
0 0.585648 0.574074 0.008102 0.012153
0 0.492477 0.782552 0.010802 0.013600
0 0.990451 0.786892 0.011767 0.013600
0 0.796007 0.728154 0.009452 0.014757
0 0.344811 0.841291 0.006366 0.010706