0 0.146798 0.246238 0.009645 0.013889
0 0.120660 0.344473 0.012153 0.017650
0 0.326100 0.389323 0.010995 0.013600
0 0.607157 0.444300 0.016782 0.024016
0 0.377218 0.146412 0.012539 0.013310
0 0.558642 0.150463 0.012346 0.014468
0 0.944348 0.484664 0.017554 0.021412
0 0.745660 0.362847 0.013696 0.016782
0 0.653646 0.516348 0.017168 0.015914
0 0.409240 0.794416 0.012924 0.017650
0 0.485725 0.710069 0.012731 0.014468
0 0.261574 0.625723 0.010031 0.014178
0 0.895448 0.459925 0.011574 0.018808
0 0.785397 0.675203 0.009066 0.014757