0 0.067033 0.448206 0.009066 0.016204
0 0.262249 0.421730 0.014082 0.017650
0 0.299479 0.465712 0.012153 0.015914
0 0.321759 0.466001 0.010802 0.019965
0 0.377701 0.377315 0.013503 0.017940
0 0.665702 0.389902 0.007716 0.011285
0 0.788002 0.669126 0.008873 0.010706
0 0.790895 0.662037 0.007716 0.010417
0 0.808546 0.647569 0.012539 0.014468
0 0.932581 0.803241 0.008681 0.018519
0 0.845872 0.846354 0.010031 0.015046
0 0.222029 0.515914 0.009259 0.011574
0 0.084105 0.799769 0.005015 0.008681
0 0.831501 0.244502 0.007909 0.011574
0 0.704958 0.176360 0.007137 0.012442