0 0.556231 0.288050 0.014853 0.021123
0 0.639950 0.165654 0.013310 0.020544
0 0.220679 0.497106 0.011574 0.012731
0 0.071856 0.550781 0.012153 0.016493
0 0.191165 0.502315 0.013117 0.016204
0 0.148438 0.630064 0.010610 0.015914
0 0.107832 0.822049 0.014660 0.016204
0 0.119117 0.761863 0.010995 0.017940
0 0.450135 0.756221 0.010610 0.018808
0 0.547647 0.739728 0.011188 0.019387
0 0.445891 0.789497 0.012924 0.017650
0 0.848765 0.234086 0.007716 0.012731
0 0.797647 0.394676 0.010417 0.012731
0 0.752990 0.661169 0.009838 0.012731
0 0.801698 0.689815 0.007716 0.010417
0 0.831597 0.614149 0.006559 0.011863
0 0.828029 0.631076 0.009066 0.013889
0 0.683063 0.672309 0.008873 0.016493