0 0.059799 0.353009 0.011960 0.019097
0 0.227913 0.346065 0.009066 0.015046
0 0.326003 0.284578 0.015046 0.015336
0 0.317033 0.158709 0.012153 0.017650
0 0.345293 0.224248 0.007330 0.013889
0 0.413677 0.199942 0.013310 0.010995
0 0.491898 0.134983 0.009645 0.014178
0 0.606289 0.145255 0.008488 0.010995
0 0.619406 0.171586 0.006944 0.012153
0 0.565104 0.237703 0.011767 0.015914
0 0.990355 0.227865 0.007330 0.015914
0 0.934992 0.156250 0.010417 0.010417
0 0.871142 0.148148 0.010031 0.013310
0 0.854842 0.219329 0.008681 0.012153
0 0.696856 0.186632 0.006752 0.009259
0 0.671875 0.195168 0.008102 0.013600
0 0.676794 0.390191 0.009452 0.019965
0 0.748843 0.456163 0.006173 0.008970
0 0.974730 0.379485 0.010802 0.009549
0 0.323688 0.591001 0.009259 0.014178
0 0.318094 0.730035 0.011574 0.018519
0 0.322531 0.791811 0.012731 0.015914
0 0.070409 0.819155 0.013889 0.016204
0 0.054109 0.576244 0.008295 0.011863
0 0.045910 0.642940 0.005015 0.008102
0 0.324749 0.495804 0.014082 0.015336
0 0.430748 0.522714 0.010802 0.012442
0 0.392072 0.693432 0.008295 0.012442
0 0.342882 0.739583 0.011381 0.017361
0 0.381848 0.745949 0.005594 0.013310
0 0.444252 0.783131 0.013503 0.013600
0 0.627122 0.558738 0.010417 0.016204
0 0.767072 0.683594 0.013310 0.018808
0 0.785012 0.736111 0.012539 0.013889
0 0.801022 0.819010 0.012153 0.010706