0 0.094715 0.296007 0.009259 0.015046
0 0.180170 0.427662 0.009645 0.013889
0 0.061246 0.412616 0.009066 0.012153
0 0.054302 0.364728 0.008295 0.011863
0 0.343557 0.313079 0.011188 0.016782
0 0.379630 0.405961 0.008873 0.014468
0 0.602913 0.223669 0.012153 0.017361
0 0.209201 0.546152 0.009452 0.015336
0 0.254051 0.822772 0.007330 0.009549
0 0.609664 0.626157 0.010224 0.013310
0 0.663870 0.594329 0.005980 0.017361
0 0.619985 0.769821 0.008873 0.013600
0 0.546296 0.682436 0.011188 0.018808
0 0.348958 0.610098 0.009259 0.013600
0 0.374421 0.766059 0.013503 0.014178
0 0.465567 0.823351 0.010610 0.013021
0 0.508681 0.821036 0.010802 0.013600
0 0.776813 0.775608 0.007330 0.013021
0 0.873746 0.724971 0.007523 0.011863
0 0.948206 0.647714 0.009066 0.015336
0 0.924479 0.263310 0.011381 0.015046
0 0.861593 0.149884 0.005594 0.011574
0 0.815683 0.858796 0.007909 0.005787