0 0.534915 0.214554 0.010802 0.015914
0 0.675540 0.195168 0.007716 0.013021
0 0.765336 0.178964 0.008295 0.011863
0 0.776813 0.210069 0.007716 0.010995
0 0.819444 0.192853 0.006944 0.014178
0 0.813272 0.252315 0.006559 0.010995
0 0.818287 0.170862 0.008102 0.009549
0 0.857060 0.168837 0.008102 0.013021
0 0.970679 0.188368 0.010031 0.012153
0 0.961227 0.289786 0.008488 0.013600
0 0.989294 0.328559 0.007909 0.013600
0 0.090374 0.611979 0.007909 0.010995
0 0.100309 0.618779 0.010031 0.014757
0 0.092014 0.732205 0.011574 0.017072
0 0.199653 0.814236 0.010417 0.015046
0 0.307388 0.800926 0.009452 0.016782
0 0.335745 0.721209 0.007909 0.016493
0 0.347126 0.624421 0.010224 0.017361
0 0.464120 0.516493 0.010802 0.013310
0 0.351562 0.837674 0.014468 0.017361
0 0.494502 0.803096 0.012153 0.015336
0 0.634452 0.655671 0.011574 0.014468
0 0.663677 0.636574 0.007909 0.017361
0 0.712577 0.583912 0.008488 0.011574
0 0.801698 0.576534 0.008873 0.012442
0 0.878665 0.606192 0.011574 0.013310
0 0.818191 0.667101 0.006752 0.016493
0 0.848187 0.711227 0.008873 0.013310
0 0.919078 0.694010 0.007137 0.011863
0 0.959008 0.677662 0.007523 0.011574
0 0.991512 0.638166 0.008488 0.013600
0 0.994502 0.767216 0.010995 0.017072
0 0.995660 0.795284 0.008681 0.012442
0 0.933642 0.808304 0.008102 0.011863
0 0.904514 0.843171 0.008488 0.010995
0 0.813850 0.831308 0.009259 0.013889
0 0.837674 0.751736 0.007137 0.009259
0 0.719232 0.828414 0.010995 0.013310
0 0.070312 0.158275 0.006366 0.010417