0 0.367766 0.298177 0.012153 0.016493
0 0.406636 0.261863 0.013117 0.015625
0 0.493924 0.358507 0.012153 0.016782
0 0.552566 0.334057 0.010995 0.015914
0 0.664834 0.169271 0.009452 0.015046
0 0.651331 0.157552 0.006366 0.011285
0 0.738908 0.161458 0.009066 0.015046
0 0.750965 0.256800 0.008488 0.013600
0 0.701292 0.320602 0.010610 0.015625
0 0.027199 0.605613 0.011188 0.015625
0 0.241030 0.652199 0.010995 0.015625
0 0.262056 0.683160 0.012153 0.014468
0 0.689140 0.563947 0.010995 0.016204
0 0.852913 0.547164 0.012153 0.017361
0 0.926698 0.638021 0.013117 0.018519
0 0.922743 0.690104 0.012539 0.018519
0 0.803337 0.732494 0.012539 0.014178
0 0.781925 0.848235 0.009838 0.015336
0 0.322338 0.424479 0.009259 0.011574
0 0.257909 0.327836 0.006173 0.010995
0 0.620081 0.759259 0.008295 0.013310