0 0.271316 0.370226 0.010610 0.015914
0 0.247203 0.464699 0.009066 0.013310
0 0.302662 0.483941 0.007716 0.010706
0 0.017168 0.419416 0.011574 0.017650
0 0.309028 0.164062 0.011188 0.012153
0 0.391782 0.195312 0.009645 0.013889
0 0.593364 0.333189 0.007716 0.013021
0 0.601370 0.321759 0.007137 0.010417
0 0.627025 0.305990 0.010995 0.015336
0 0.619792 0.353733 0.008488 0.015336
0 0.584587 0.416956 0.009838 0.011574
0 0.337095 0.479022 0.007137 0.013600
0 0.716339 0.339120 0.011381 0.012731
0 0.745467 0.326244 0.009838 0.014178
0 0.757041 0.239728 0.009066 0.013600
0 0.790895 0.460069 0.012346 0.015625
0 0.052276 0.550058 0.011574 0.012731
0 0.070698 0.605469 0.012924 0.016493
0 0.189525 0.587963 0.011767 0.014468
0 0.162423 0.697483 0.012731 0.016493
0 0.110918 0.800203 0.013503 0.015914
0 0.098187 0.829716 0.013503 0.018229
0 0.273534 0.808738 0.015432 0.016782
0 0.379630 0.714410 0.011960 0.014468
0 0.472126 0.633391 0.010995 0.013889
0 0.404514 0.535012 0.011574 0.013889
0 0.504533 0.808160 0.010610 0.012153
0 0.552566 0.802373 0.010610 0.012731
0 0.581308 0.813513 0.010224 0.014178
0 0.600212 0.780237 0.010995 0.015914
0 0.622106 0.674045 0.010802 0.015336
0 0.640529 0.668981 0.009066 0.015625
0 0.851852 0.734086 0.013117 0.012153
0 0.877218 0.682436 0.010995 0.015914
0 0.912230 0.679832 0.010417 0.015336
0 0.927373 0.616175 0.008295 0.011863
0 0.971161 0.661603 0.010995 0.017650
0 0.923418 0.728154 0.010417 0.017072
0 0.894097 0.726128 0.012346 0.018229
0 0.867380 0.772425 0.013310 0.019387
0 0.858410 0.836516 0.014275 0.015625
0 0.819830 0.839410 0.014275 0.013310
0 0.743056 0.841291 0.011960 0.012442
0 0.928723 0.834346 0.011767 0.015914
0 0.925733 0.848090 0.011960 0.012153
0 0.985050 0.814815 0.011381 0.015046
0 0.932870 0.593316 0.013117 0.008970
0 0.989776 0.550926 0.013117 0.014468