0 0.149306 0.294416 0.010031 0.013021
0 0.443480 0.245804 0.011574 0.011863
0 0.541474 0.303096 0.011188 0.011863
0 0.190683 0.552951 0.012153 0.015625
0 0.313850 0.713831 0.011188 0.016204
0 0.322531 0.836227 0.009645 0.019097
0 0.260706 0.795284 0.010610 0.015336
0 0.032986 0.565828 0.009259 0.014178
0 0.436246 0.691117 0.010610 0.015914
0 0.490548 0.764757 0.011960 0.015046
0 0.497203 0.806858 0.010224 0.015336
0 0.651813 0.803964 0.012731 0.016493
0 0.621046 0.676071 0.012924 0.018808
0 0.644869 0.586516 0.013117 0.016782
0 0.543981 0.558304 0.013503 0.016493
0 0.816937 0.719329 0.010417 0.015625
0 0.781539 0.827980 0.009066 0.012442