0 0.301890 0.219184 0.013117 0.017650
0 0.580343 0.339844 0.011767 0.014757
0 0.603877 0.271267 0.010995 0.018808
0 0.604360 0.468461 0.013117 0.018519
0 0.777681 0.293547 0.011381 0.015336
0 0.710841 0.449363 0.010031 0.012731
0 0.776620 0.454861 0.009645 0.017940
0 0.814911 0.413194 0.009066 0.013310
0 0.986400 0.206742 0.007909 0.014757
0 0.225984 0.667824 0.014082 0.017361
0 0.208816 0.730469 0.011767 0.017072
0 0.119502 0.825376 0.013696 0.017072
0 0.110918 0.850260 0.012346 0.014757
0 0.042149 0.854890 0.011767 0.012442
0 0.294560 0.783999 0.010417 0.014178
0 0.381076 0.699942 0.012539 0.012731
0 0.384259 0.820602 0.011188 0.013889
0 0.435089 0.733941 0.010224 0.017650
0 0.465181 0.732784 0.012153 0.013021
0 0.533758 0.800058 0.012731 0.013889
0 0.565104 0.786169 0.010610 0.015046
0 0.639468 0.856047 0.011188 0.010706
0 0.547164 0.705584 0.012153 0.012442
0 0.502894 0.563223 0.014660 0.021123
0 0.483121 0.566551 0.013696 0.016782
0 0.388310 0.526910 0.013117 0.017361
0 0.542921 0.690683 0.011381 0.012153
0 0.682485 0.822917 0.012731 0.015046
0 0.671200 0.799045 0.008681 0.014178
0 0.864873 0.769965 0.010610 0.018519
0 0.907793 0.807870 0.007716 0.012153
0 0.887056 0.813947 0.013696 0.011574
0 0.885320 0.800203 0.012924 0.010706
0 0.959877 0.668837 0.010802 0.015914
0 0.880015 0.606916 0.010031 0.018229
0 0.812500 0.556424 0.011960 0.017940