0 0.214024 0.297309 0.011767 0.013021
0 0.154610 0.214410 0.008295 0.013310
0 0.405961 0.254485 0.011381 0.017072
0 0.346644 0.370660 0.013117 0.016204
0 0.467593 0.326534 0.010031 0.014757
0 0.477045 0.486979 0.010802 0.016782
0 0.628472 0.429398 0.010031 0.020255
0 0.565104 0.185185 0.010610 0.015046
0 0.770930 0.293547 0.009066 0.014757
0 0.962963 0.175058 0.011574 0.013889
0 0.867670 0.491753 0.012731 0.013600
0 0.202160 0.653067 0.010417 0.015625
0 0.420235 0.748264 0.010224 0.015625
0 0.465085 0.750579 0.008873 0.014468
0 0.567323 0.575087 0.011574 0.017072
0 0.609761 0.519965 0.011960 0.017940
0 0.334973 0.504485 0.009838 0.012442
0 0.733893 0.544126 0.010224 0.014178