0 0.089796 0.188657 0.009838 0.011574
0 0.230517 0.468461 0.010031 0.013310
0 0.693191 0.286748 0.010995 0.017361
0 0.072627 0.719618 0.011381 0.016782
0 0.323592 0.673900 0.010995 0.012731
0 0.812500 0.645544 0.009259 0.012731
0 0.873650 0.597078 0.010802 0.013600
0 0.676408 0.525318 0.010224 0.012442
0 0.746817 0.786169 0.009452 0.013889
0 0.892843 0.863715 0.011381 0.010417
0 0.954861 0.837240 0.010031 0.013600
0 0.942612 0.805122 0.010610 0.012442
0 0.980131 0.763744 0.010031 0.011863
0 0.414931 0.551939 0.008102 0.013021