0 0.063561 0.382957 0.012153 0.018229
0 0.140336 0.336516 0.013696 0.019676
0 0.126447 0.238715 0.012153 0.020833
0 0.169560 0.190683 0.009645 0.019097
0 0.264275 0.258681 0.013503 0.019097
0 0.312789 0.471644 0.012539 0.021991
0 0.547357 0.362703 0.013310 0.015336
0 0.480131 0.508825 0.012346 0.013600
0 0.334298 0.355758 0.010031 0.017072
0 0.711227 0.202980 0.013889 0.015336
0 0.837770 0.181713 0.007716 0.017361
0 0.846740 0.186487 0.009452 0.014178
0 0.924672 0.193142 0.009838 0.017650
0 0.864969 0.593027 0.009645 0.014757
0 0.902971 0.700087 0.009645 0.013021
0 0.853395 0.773582 0.011960 0.015914
0 0.069927 0.640770 0.008295 0.011285
0 0.640625 0.779803 0.009259 0.012153