0 0.052083 0.265191 0.013503 0.013600
0 0.072338 0.183449 0.010417 0.013889
0 0.246238 0.260127 0.010995 0.015046
0 0.226370 0.385851 0.010995 0.017650
0 0.302373 0.478588 0.008295 0.011574
0 0.421489 0.173322 0.011960 0.015046
0 0.445409 0.277054 0.010417 0.018808
0 0.591146 0.289786 0.010610 0.017072
0 0.550058 0.409144 0.012924 0.013889
0 0.541667 0.466580 0.012346 0.019387
0 0.340471 0.444734 0.009645 0.012153
0 0.095390 0.548900 0.007137 0.015046
0 0.134356 0.701100 0.007523 0.012153
0 0.286748 0.637008 0.007137 0.011863
0 0.323978 0.750868 0.010610 0.015046
0 0.144194 0.826244 0.011381 0.011285
0 0.388600 0.521701 0.010224 0.015046
0 0.468171 0.514757 0.010031 0.011574
0 0.353781 0.654225 0.011188 0.012731
0 0.407407 0.676071 0.010031 0.011863
0 0.651620 0.624855 0.008873 0.013600
0 0.672550 0.586082 0.011381 0.013600
0 0.691840 0.692130 0.010224 0.017361
0 0.739487 0.683160 0.010610 0.011574
0 0.754244 0.667679 0.012346 0.014757
0 0.844715 0.601852 0.009645 0.013310
0 0.872010 0.648727 0.009066 0.014468
0 0.894290 0.598958 0.009259 0.013889
0 0.944155 0.634838 0.009452 0.014468
0 0.782118 0.754485 0.012924 0.016493
0 0.722897 0.729167 0.011381 0.016204
0 0.722029 0.798177 0.010417 0.015914
0 0.706694 0.180700 0.010610 0.013021
0 0.790123 0.166956 0.007330 0.012153
0 0.851273 0.213252 0.008873 0.013310
0 0.811150 0.263310 0.010031 0.016204
0 0.998650 0.229311 0.002701 0.014757
0 0.997685 0.469907 0.004630 0.012731