0 0.983025 0.233073 0.010802 0.013021
0 0.981385 0.276476 0.011381 0.014178
0 0.358796 0.659722 0.011574 0.017940
0 0.394194 0.693866 0.011381 0.016204
0 0.618345 0.715133 0.010224 0.015914
0 0.705343 0.634983 0.012924 0.017072
0 0.803723 0.581742 0.012924 0.015914
0 0.908275 0.646123 0.012539 0.017940
0 0.950328 0.721933 0.011767 0.016204
0 0.764564 0.731626 0.012153 0.018229
0 0.709877 0.813947 0.009259 0.014468
0 0.679109 0.610532 0.009452 0.018519
0 0.501447 0.405816 0.010995 0.019387
0 0.593075 0.351852 0.012924 0.016204
0 0.603974 0.384115 0.011188 0.014178
0 0.628279 0.408709 0.010417 0.017650
0 0.654900 0.477286 0.010417 0.018808
0 0.334298 0.150897 0.008102 0.009549
0 0.073110 0.187066 0.008873 0.011863