0 0.509549 0.228733 0.010610 0.013021
0 0.540992 0.307581 0.010224 0.011574
0 0.614198 0.413918 0.009259 0.015914
0 0.215953 0.744936 0.016782 0.018229
0 0.300154 0.708189 0.011960 0.020544
0 0.291184 0.591580 0.012539 0.018229
0 0.020544 0.764612 0.009452 0.013600
0 0.375000 0.745370 0.011574 0.021991
0 0.361208 0.667390 0.014082 0.017650
0 0.474441 0.628328 0.014082 0.018808
0 0.496721 0.599248 0.014660 0.016782
0 0.543403 0.682726 0.014275 0.016493
0 0.599248 0.690538 0.010995 0.016493
0 0.623650 0.659288 0.011188 0.014178
0 0.627315 0.639178 0.011188 0.014468
0 0.658565 0.646991 0.010031 0.017940
0 0.647473 0.828414 0.010224 0.015046
0 0.688850 0.640480 0.011188 0.015914
0 0.671296 0.722222 0.008873 0.017361
0 0.683835 0.795862 0.010031 0.012442
0 0.686825 0.810041 0.012539 0.013021
0 0.752508 0.754051 0.009259 0.012731
0 0.789834 0.626447 0.010610 0.014468
0 0.810378 0.542390 0.007716 0.018229
0 0.844715 0.567998 0.010417 0.012153
0 0.854360 0.565394 0.008488 0.016204
0 0.961998 0.539931 0.011574 0.016204
0 0.981578 0.609375 0.008681 0.012731
0 0.929109 0.605035 0.008295 0.016204
0 0.872878 0.611979 0.011574 0.014468
0 0.852913 0.669850 0.012924 0.013310
0 0.894965 0.673322 0.010224 0.016782
0 0.945698 0.694878 0.009452 0.011863
0 0.920525 0.721065 0.011188 0.013889
0 0.938754 0.760561 0.007909 0.011285
0 0.941744 0.815394 0.009645 0.019676
0 0.905671 0.837095 0.012346 0.013889
0 0.261092 0.277922 0.010610 0.018808
0 0.169850 0.468750 0.012153 0.009259
0 0.825521 0.141638 0.009838 0.012442
0 0.889950 0.157841 0.009066 0.010127