0 0.188272 0.303530 0.010031 0.014468
0 0.028549 0.257812 0.010031 0.013310
0 0.108218 0.214699 0.010031 0.008681
0 0.145930 0.219039 0.008295 0.010995
0 0.183160 0.144965 0.011381 0.009838
0 0.262442 0.207465 0.007909 0.010417
0 0.037230 0.366319 0.010802 0.012731
0 0.118634 0.420862 0.009645 0.013600
0 0.160204 0.418981 0.009452 0.014468
0 0.293113 0.429109 0.008295 0.013310
0 0.378858 0.190538 0.009259 0.010706
0 0.432581 0.262008 0.009838 0.015914
0 0.375868 0.397425 0.011381 0.011863
0 0.401910 0.380787 0.007909 0.013310
0 0.430459 0.370515 0.009066 0.009549
0 0.484954 0.267072 0.008488 0.011574
0 0.518615 0.272569 0.007137 0.010995
0 0.527874 0.269821 0.008681 0.011863
0 0.484471 0.207465 0.009066 0.013889
0 0.493248 0.165365 0.008873 0.010706
0 0.517361 0.183738 0.008873 0.015046
0 0.620853 0.219907 0.011767 0.015625
0 0.645544 0.191406 0.010224 0.014178
0 0.649691 0.311198 0.010417 0.016493
0 0.621142 0.425492 0.008102 0.013600
0 0.712867 0.234954 0.011767 0.012731
0 0.781829 0.215422 0.009645 0.012442
0 0.716049 0.163773 0.007330 0.009838
0 0.781443 0.167245 0.006944 0.009838
0 0.711034 0.143084 0.010031 0.011863
0 0.723476 0.143519 0.007523 0.009259
0 0.670042 0.302083 0.009066 0.011574
0 0.728877 0.481192 0.012153 0.011574
0 0.692708 0.491030 0.009259 0.012731
0 0.791281 0.422888 0.010417 0.014757
0 0.806038 0.400608 0.009838 0.012442
0 0.812018 0.345775 0.010610 0.013310
0 0.802758 0.310330 0.012153 0.011863
0 0.875482 0.322193 0.010995 0.012442
0 0.918981 0.435619 0.008873 0.014178
0 0.932388 0.249855 0.010224 0.014757
0 0.984086 0.210938 0.012153 0.016204
0 0.961709 0.181279 0.010995 0.011285
0 0.907311 0.170139 0.010224 0.009259
0 0.918113 0.155527 0.012153 0.010127
0 0.930748 0.149884 0.008873 0.009838
0 0.830826 0.140480 0.008873 0.010706
0 0.044174 0.587240 0.011188 0.015914
0 0.019676 0.774161 0.011574 0.010127
0 0.055748 0.809028 0.009645 0.011574
0 0.082562 0.786603 0.010802 0.014757
0 0.190876 0.792969 0.010610 0.014178
0 0.254919 0.650608 0.008295 0.012442
0 0.307870 0.655093 0.010417 0.014468
0 0.340953 0.746528 0.009066 0.013889
0 0.391975 0.705584 0.007716 0.009549
0 0.393808 0.666811 0.010610 0.011863
0 0.375386 0.802373 0.007716 0.009838
0 0.496721 0.735966 0.010417 0.010706
0 0.500289 0.638310 0.014853 0.015625
0 0.466339 0.840278 0.012153 0.009838
0 0.562982 0.806279 0.011381 0.010706
0 0.576196 0.806568 0.010417 0.011285
0 0.583333 0.792101 0.009645 0.010706
0 0.606096 0.805990 0.010417 0.008970
0 0.612944 0.817130 0.009838 0.011574
0 0.657890 0.831887 0.013696 0.014468
0 0.661844 0.803819 0.007716 0.015625
0 0.655575 0.771991 0.011381 0.013310
0 0.625096 0.765770 0.010995 0.013600
0 0.626447 0.666522 0.010610 0.012442
0 0.547454 0.656684 0.008488 0.011285
0 0.595390 0.600116 0.013696 0.012153
0 0.563175 0.592882 0.009838 0.009259
0 0.578318 0.572049 0.011574 0.010417
0 0.610340 0.547743 0.011574 0.008681
0 0.419367 0.521701 0.013503 0.012153
0 0.675154 0.656684 0.007716 0.012442
0 0.725694 0.577112 0.010802 0.013600
0 0.743152 0.593027 0.009452 0.012442
0 0.699846 0.723958 0.010031 0.009838
0 0.743538 0.712529 0.009452 0.010706
0 0.748746 0.808449 0.010995 0.010995
0 0.761188 0.689815 0.008102 0.011574
0 0.813561 0.750434 0.011381 0.013021
0 0.846161 0.750145 0.010224 0.013021
0 0.846644 0.730613 0.008488 0.011574
0 0.816165 0.710069 0.011960 0.010995
0 0.796779 0.699363 0.009066 0.012731
0 0.805459 0.684172 0.008295 0.011863
0 0.818962 0.672164 0.013310 0.012153
0 0.801698 0.605035 0.010031 0.013889
0 0.817901 0.573640 0.008873 0.010706
0 0.911941 0.708767 0.007523 0.012442
0 0.922164 0.703125 0.008295 0.013310
0 0.960745 0.728009 0.010610 0.016204
0 0.992573 0.753183 0.009838 0.010417
0 0.992766 0.766782 0.010224 0.011574
0 0.965664 0.543258 0.009259 0.012442
0 0.997106 0.569300 0.005787 0.011285
0 0.997975 0.623553 0.004051 0.009838
0 0.926119 0.549624 0.010031 0.011285
0 0.851755 0.811487 0.007523 0.011863