0 0.021026 0.424913 0.008873 0.014757
0 0.003569 0.325231 0.006752 0.009838
0 0.038098 0.214844 0.008295 0.010127
0 0.012442 0.199653 0.009066 0.009259
0 0.048708 0.161892 0.005594 0.007234
0 0.189236 0.159867 0.008102 0.013600
0 0.222801 0.238715 0.005401 0.009838
0 0.256559 0.225839 0.008873 0.011285
0 0.290413 0.198351 0.007909 0.008391
0 0.314236 0.350984 0.009259 0.009259
0 0.241127 0.372251 0.008873 0.014178
0 0.161748 0.336950 0.006366 0.013600
0 0.181231 0.300203 0.007523 0.009549
0 0.113233 0.393663 0.008873 0.011863
0 0.110725 0.421296 0.008488 0.012731
0 0.078704 0.422888 0.008488 0.011285
0 0.218654 0.430700 0.008295 0.015914
0 0.311825 0.486400 0.008295 0.009259
0 0.320120 0.474971 0.008295 0.010706
0 0.162519 0.252894 0.009452 0.009838
0 0.089796 0.621672 0.009452 0.012442
0 0.074942 0.577112 0.009066 0.012442
0 0.103202 0.553964 0.010417 0.011285
0 0.139275 0.517650 0.010031 0.011574
0 0.153839 0.578270 0.009066 0.011285
0 0.171296 0.505932 0.008102 0.007812
0 0.321759 0.591001 0.008488 0.013021
0 0.259452 0.667679 0.010031 0.010706
0 0.216821 0.778501 0.008873 0.008970
0 0.270640 0.808883 0.011574 0.015336
0 0.311535 0.811053 0.008102 0.011574
0 0.283372 0.835214 0.009259 0.012442
0 0.357735 0.804109 0.007909 0.010995
0 0.378376 0.812355 0.006752 0.016493
0 0.432388 0.819589 0.009452 0.010127
0 0.472897 0.742911 0.010224 0.015336
0 0.422454 0.672743 0.010031 0.013310
0 0.424865 0.582610 0.009066 0.010127
0 0.414545 0.524595 0.009259 0.011574
0 0.355710 0.566551 0.006944 0.008681
0 0.486690 0.585938 0.008488 0.010417
0 0.487461 0.640480 0.010031 0.010127
0 0.573688 0.597222 0.008102 0.010995
0 0.592496 0.630498 0.010224 0.012153
0 0.615162 0.627025 0.008488 0.011574
0 0.649788 0.530527 0.008295 0.013600
0 0.631462 0.654080 0.007909 0.009549
0 0.625772 0.680990 0.008873 0.010127
0 0.593846 0.689236 0.009452 0.009838
0 0.607832 0.698929 0.006559 0.014178
0 0.597608 0.712529 0.006173 0.012442
0 0.576968 0.723814 0.008488 0.011285
0 0.602045 0.718461 0.005787 0.015625
0 0.649402 0.730179 0.007909 0.011285
0 0.615934 0.768084 0.010031 0.010706
0 0.612365 0.792679 0.010995 0.013021
0 0.561053 0.786314 0.008295 0.008970
0 0.514082 0.765336 0.008488 0.012731
0 0.569830 0.816262 0.008873 0.013310
0 0.653935 0.813802 0.009259 0.013600
0 0.614583 0.811198 0.009259 0.014178
0 0.627508 0.841869 0.008102 0.010706
0 0.606578 0.853877 0.010224 0.010995
0 0.759452 0.831742 0.010031 0.011863
0 0.792535 0.788339 0.006366 0.011285
0 0.771219 0.753617 0.008488 0.009549
0 0.698110 0.751447 0.008873 0.013889
0 0.668306 0.823495 0.008295 0.009838
0 0.784626 0.694589 0.007523 0.010706
0 0.801601 0.666667 0.007137 0.014468
0 0.737461 0.650029 0.008102 0.011863
0 0.727527 0.664786 0.006752 0.010706
0 0.711613 0.607928 0.007716 0.012153
0 0.705343 0.591001 0.008295 0.015914
0 0.673900 0.519387 0.008295 0.012153
0 0.868152 0.782986 0.007137 0.015046
0 0.903549 0.743490 0.007330 0.010706
0 0.891204 0.794416 0.008102 0.014178
0 0.890721 0.820312 0.010610 0.015046
0 0.933835 0.816696 0.008102 0.011863
0 0.960552 0.812934 0.009066 0.008391
0 0.964024 0.802228 0.008295 0.008391
0 0.986208 0.796152 0.007909 0.012442
0 0.997396 0.775897 0.005208 0.010706
0 0.996238 0.738281 0.007137 0.012442
0 0.968171 0.732060 0.008873 0.012731
0 0.989680 0.707176 0.009452 0.014468
0 0.923129 0.697627 0.009838 0.016782
0 0.952353 0.657407 0.010802 0.013310
0 0.953993 0.640046 0.008681 0.013889
0 0.965085 0.631221 0.008873 0.013021
0 0.988812 0.628328 0.007716 0.008391
0 0.985436 0.639178 0.008295 0.011574
0 0.985050 0.679109 0.009838 0.009838
0 0.909336 0.637587 0.007330 0.012442
0 0.919850 0.595920 0.005980 0.011863
0 0.936921 0.545139 0.010031 0.013889
0 0.967400 0.583767 0.008488 0.010706
0 0.991705 0.514612 0.010802 0.012442
0 0.984471 0.672020 0.007909 0.010127
0 0.417052 0.265480 0.005401 0.008391
0 0.366127 0.391059 0.005787 0.011285
0 0.398148 0.335648 0.008488 0.008102
0 0.466049 0.328270 0.008488 0.007812
0 0.447724 0.358941 0.006173 0.013600
0 0.380305 0.377459 0.007137 0.008970
0 0.355710 0.302662 0.004630 0.010417
0 0.407986 0.213686 0.006944 0.009549
0 0.521219 0.356481 0.006944 0.010417
0 0.412423 0.439236 0.006173 0.012731
0 0.543403 0.407841 0.007330 0.006655
0 0.597319 0.294126 0.008681 0.010127
0 0.600212 0.266638 0.008681 0.008970
0 0.597704 0.353588 0.008295 0.009259
0 0.654514 0.256944 0.006944 0.008102
0 0.694444 0.227865 0.010031 0.011285
0 0.696566 0.190249 0.006944 0.014757
0 0.705536 0.250723 0.006752 0.012442
0 0.728877 0.286603 0.007909 0.008970
0 0.755980 0.274450 0.009259 0.011285
0 0.702450 0.223524 0.008681 0.008970
0 0.665702 0.345775 0.006944 0.012153
0 0.700424 0.348524 0.006173 0.011863
0 0.790509 0.188223 0.007716 0.012442
0 0.730517 0.171007 0.005787 0.009259
0 0.848765 0.263744 0.008873 0.011285
0 0.832755 0.298900 0.008102 0.009259
0 0.828704 0.341869 0.007716 0.010706
0 0.766975 0.184317 0.007716 0.006944
0 0.869020 0.159722 0.009259 0.008681
0 0.774595 0.344473 0.005980 0.011285
0 0.795621 0.337240 0.006752 0.013021
0 0.867091 0.251881 0.006173 0.011863
0 0.910976 0.207321 0.008681 0.007234
0 0.895833 0.222801 0.007716 0.007523
0 0.938561 0.341580 0.009066 0.008970
0 0.903260 0.364439 0.005980 0.010706
0 0.911265 0.283420 0.008488 0.011285
0 0.940008 0.276186 0.009259 0.007812
0 0.915220 0.341291 0.007523 0.012442
0 0.911941 0.350405 0.006366 0.012731
0 0.899691 0.228877 0.006559 0.008102
0 0.912326 0.229601 0.009452 0.007234
0 0.847029 0.370515 0.008488 0.009549
0 0.833333 0.369647 0.009645 0.007812
0 0.838252 0.365596 0.007909 0.007812
0 0.924576 0.445457 0.008873 0.008970
0 0.946856 0.166667 0.010224 0.011574
0 0.963252 0.253762 0.009452 0.012731
0 0.947242 0.294271 0.005980 0.012153
0 0.953800 0.391927 0.010224 0.011285
0 0.966821 0.371672 0.006559 0.013021
0 0.953318 0.417390 0.010417 0.011863
0 0.955440 0.325376 0.010031 0.007234
0 0.989487 0.308594 0.009066 0.008391
0 0.990451 0.210938 0.007137 0.011574
0 0.980710 0.346499 0.010031 0.008970
0 0.687596 0.490451 0.007909 0.010417
0 0.911748 0.459201 0.008295 0.009259
0 0.931809 0.493200 0.007137 0.010127
0 0.985436 0.464844 0.008681 0.012442
0 0.538098 0.381366 0.007137 0.015625
0 0.555652 0.409144 0.007523 0.013310
0 0.568094 0.469184 0.005015 0.010706
0 0.633391 0.483941 0.006752 0.010127
0 0.657600 0.473380 0.007330 0.009838