0 0.008584 0.325087 0.009452 0.016493
0 0.060860 0.252749 0.013696 0.015914
0 0.173900 0.200955 0.010610 0.011285
0 0.201292 0.253472 0.009838 0.013889
0 0.228588 0.413339 0.010417 0.012442
0 0.237365 0.375579 0.007137 0.015046
0 0.302662 0.320602 0.010802 0.012731
0 0.290992 0.290654 0.014468 0.015914
0 0.356674 0.234086 0.012731 0.016204
0 0.496046 0.400174 0.008295 0.013889
0 0.620274 0.355613 0.008295 0.012731
0 0.667342 0.353588 0.008681 0.014468
0 0.621914 0.240596 0.011960 0.014757
0 0.550444 0.211082 0.012924 0.015336
0 0.427855 0.484520 0.006559 0.011285
0 0.684896 0.453704 0.009066 0.012731
0 0.729070 0.422743 0.008295 0.011574
0 0.693383 0.323929 0.013696 0.014178
0 0.786555 0.384549 0.011381 0.016782
0 0.754823 0.308160 0.011574 0.012731
0 0.783854 0.479601 0.010610 0.010127
0 0.697531 0.182870 0.011960 0.014468
0 0.768229 0.249277 0.009838 0.015914
0 0.763407 0.211082 0.008295 0.010127
0 0.770833 0.202257 0.008873 0.010995
0 0.792728 0.209780 0.011381 0.010995
0 0.797261 0.290075 0.011574 0.012442
0 0.845583 0.321759 0.012924 0.011574
0 0.841532 0.307726 0.009838 0.009549
0 0.840953 0.256510 0.010995 0.013600
0 0.858218 0.219907 0.010417 0.015046
0 0.886092 0.222656 0.008681 0.011285
0 0.887828 0.309606 0.013310 0.011574
0 0.891397 0.329138 0.010417 0.013600
0 0.951871 0.436198 0.010610 0.014178
0 0.996431 0.384549 0.007137 0.018519
0 0.953897 0.292824 0.011188 0.012731
0 0.904225 0.274306 0.009838 0.010995
0 0.910397 0.264034 0.007523 0.010127
0 0.984279 0.203414 0.010995 0.011574
0 0.914931 0.165654 0.012731 0.013021
0 0.023052 0.670573 0.013310 0.013600
0 0.064622 0.674045 0.011188 0.013021
0 0.062500 0.775463 0.012346 0.013310
0 0.159915 0.773582 0.021219 0.029803
0 0.162712 0.751157 0.010995 0.009838
0 0.289738 0.816551 0.009259 0.013310
0 0.315586 0.830584 0.009259 0.013021
0 0.284336 0.676505 0.010031 0.015625
0 0.223090 0.637731 0.009452 0.013310
0 0.295235 0.524306 0.010610 0.013889
0 0.216725 0.498698 0.010995 0.010706
0 0.360918 0.578559 0.011188 0.015336
0 0.343943 0.688223 0.008873 0.010127
0 0.415606 0.619068 0.008681 0.012442
0 0.437500 0.793981 0.011960 0.016782
0 0.466532 0.802807 0.011381 0.015336
0 0.493538 0.798177 0.012924 0.016493
0 0.546682 0.743200 0.011188 0.013600
0 0.566358 0.751013 0.008102 0.010127
0 0.561535 0.838108 0.007330 0.008391
0 0.610918 0.829282 0.009259 0.015625
0 0.627508 0.775608 0.009259 0.010706
0 0.650077 0.786024 0.008102 0.010706
0 0.631848 0.669560 0.010224 0.012153
0 0.643036 0.668258 0.009838 0.016493
0 0.606481 0.613860 0.008488 0.011863
0 0.629147 0.537471 0.007909 0.012442
0 0.574363 0.683015 0.008681 0.009549
0 0.582755 0.685185 0.006944 0.009838
0 0.527874 0.646412 0.008681 0.013889
0 0.668981 0.523438 0.008873 0.013889
0 0.684028 0.610243 0.009259 0.013889
0 0.720679 0.627459 0.008873 0.013600
0 0.761960 0.648438 0.008873 0.013310
0 0.793789 0.643808 0.011574 0.013310
0 0.727816 0.703993 0.010031 0.015046
0 0.670910 0.814525 0.007330 0.013310
0 0.700521 0.831019 0.008295 0.009259
0 0.737076 0.759404 0.010417 0.013021
0 0.819830 0.824653 0.008873 0.014468
0 0.848090 0.790075 0.012153 0.016493
0 0.880305 0.811198 0.010224 0.012442
0 0.884452 0.796007 0.011188 0.012153
0 0.944830 0.739873 0.007330 0.009259
0 0.931038 0.735966 0.008681 0.014757
0 0.923804 0.729745 0.006944 0.011574
0 0.866802 0.677517 0.010995 0.014757
0 0.791474 0.721933 0.010417 0.013310
0 0.868056 0.622106 0.012731 0.010417
0 0.896894 0.625145 0.011381 0.014178
0 0.929688 0.623698 0.012153 0.011863
0 0.946373 0.606916 0.010417 0.010706
0 0.926987 0.221354 0.005980 0.009838