0 0.024113 0.673756 0.009645 0.013600
0 0.056906 0.699219 0.010417 0.013021
0 0.083140 0.724826 0.009259 0.013889
0 0.108700 0.598669 0.006752 0.014468
0 0.065683 0.607784 0.007909 0.012442
0 0.065297 0.536892 0.008681 0.017072
0 0.136092 0.542969 0.008681 0.012442
0 0.143808 0.499277 0.007523 0.010706
0 0.220968 0.591580 0.007523 0.010706
0 0.145255 0.522280 0.006944 0.008681
0 0.285012 0.503906 0.005594 0.010127
0 0.289641 0.608218 0.007137 0.021412
0 0.129051 0.756076 0.008488 0.017361
0 0.040895 0.838252 0.008102 0.010417
0 0.305941 0.753762 0.006944 0.013889
0 0.255015 0.774740 0.009259 0.009549
0 0.251447 0.812500 0.005594 0.008102
0 0.260610 0.822772 0.004630 0.010127
0 0.268036 0.829861 0.007523 0.016204
0 0.081404 0.635706 0.008488 0.014468
0 0.428144 0.741753 0.007523 0.011285
0 0.417245 0.739728 0.006559 0.010127
0 0.388600 0.699508 0.012153 0.011285
0 0.379051 0.676071 0.009259 0.011863
0 0.342689 0.680990 0.006752 0.011863
0 0.336902 0.682292 0.006366 0.017940
0 0.356867 0.612269 0.010802 0.015046
0 0.366705 0.552951 0.008873 0.013889
0 0.410494 0.507812 0.010031 0.016204
0 0.448495 0.536024 0.011188 0.014178
0 0.450810 0.552228 0.006944 0.011285
0 0.411169 0.614294 0.009452 0.013310
0 0.413677 0.684462 0.007909 0.015336
0 0.425444 0.669705 0.006366 0.013021
0 0.432967 0.663339 0.007137 0.017072
0 0.480228 0.662037 0.008681 0.012731
0 0.510320 0.632957 0.007523 0.011285
0 0.528356 0.695891 0.008873 0.012731
0 0.534529 0.767361 0.010417 0.011574
0 0.620370 0.771991 0.006173 0.012731
0 0.657600 0.784288 0.009259 0.017072
0 0.645833 0.807002 0.010802 0.018519
0 0.600791 0.675637 0.007909 0.011574
0 0.627315 0.656829 0.008488 0.015046
0 0.597512 0.647714 0.008295 0.009549
0 0.664931 0.665220 0.010802 0.013889
0 0.638889 0.576534 0.010417 0.013021
0 0.589699 0.583912 0.009645 0.015046
0 0.510706 0.502894 0.012153 0.016204
0 0.671103 0.532552 0.007330 0.011863
0 0.704282 0.620660 0.006173 0.012153
0 0.744695 0.579861 0.007523 0.014468
0 0.737751 0.627459 0.007909 0.011863
0 0.687404 0.667824 0.007909 0.010417
0 0.673900 0.638889 0.007523 0.010417
0 0.672936 0.694010 0.007523 0.012442
0 0.667342 0.682002 0.005594 0.012731
0 0.761863 0.647569 0.007523 0.014468
0 0.825231 0.669994 0.008488 0.011285
0 0.815972 0.691117 0.010031 0.010706
0 0.813368 0.704282 0.007137 0.010417
0 0.771316 0.699219 0.008681 0.010706
0 0.773823 0.726418 0.008681 0.011863
0 0.757909 0.761574 0.006944 0.012153
0 0.767747 0.770255 0.005787 0.013310
0 0.706501 0.807436 0.006752 0.011863
0 0.688272 0.822193 0.011188 0.010127
0 0.807002 0.754340 0.008681 0.009838
0 0.830343 0.751157 0.006752 0.013889
0 0.787905 0.805266 0.005980 0.009838
0 0.790413 0.837384 0.008295 0.009838
0 0.797743 0.838976 0.004437 0.010706
0 0.864294 0.746094 0.006752 0.013600
0 0.834877 0.793837 0.008488 0.010127
0 0.855999 0.805556 0.007909 0.010417
0 0.872396 0.820602 0.005594 0.012153
0 0.905671 0.760561 0.005787 0.012442
0 0.899884 0.748264 0.007716 0.013310
0 0.937596 0.751881 0.006752 0.012442
0 0.995660 0.712529 0.008681 0.013600
0 0.997492 0.810764 0.005015 0.009838
0 0.978009 0.780382 0.009645 0.015625
0 0.929205 0.650174 0.008488 0.013310
0 0.937789 0.636863 0.007137 0.014468
0 0.889853 0.649595 0.010031 0.010417
0 0.852334 0.603009 0.007137 0.013310
0 0.941165 0.587529 0.008873 0.012442
0 0.944155 0.574653 0.007909 0.016782
0 0.992766 0.574074 0.007909 0.013310
0 0.990644 0.547020 0.007909 0.011863
0 0.993634 0.508970 0.008102 0.012731
0 0.010706 0.159578 0.008681 0.012442
0 0.008102 0.212674 0.009645 0.010995
0 0.070505 0.296296 0.009452 0.010995
0 0.056134 0.347078 0.008102 0.011285
0 0.051505 0.366609 0.008873 0.010995
0 0.070505 0.159867 0.007523 0.011863
0 0.070120 0.211227 0.008681 0.012153
0 0.090664 0.272859 0.006944 0.005787
0 0.103395 0.242766 0.005787 0.009838
0 0.136285 0.205440 0.006366 0.008681
0 0.126929 0.167101 0.006559 0.012442
0 0.006076 0.443576 0.010610 0.013310
0 0.092207 0.470197 0.007330 0.010417
0 0.112365 0.335503 0.007523 0.012442
0 0.136960 0.312355 0.008488 0.012442
0 0.143904 0.397714 0.004244 0.013600
0 0.147666 0.403067 0.006752 0.015046
0 0.168403 0.422888 0.008873 0.010706
0 0.155575 0.245370 0.005980 0.009259
0 0.224826 0.432581 0.007523 0.011574
0 0.221161 0.402199 0.008295 0.017361
0 0.188079 0.331019 0.006944 0.012731
0 0.133970 0.147280 0.009452 0.010995
0 0.148920 0.165799 0.007330 0.012153
0 0.186535 0.174769 0.006173 0.015046
0 0.206790 0.152199 0.010031 0.015625
0 0.162037 0.140914 0.003858 0.005208
0 0.224055 0.226418 0.010224 0.010706
0 0.247106 0.223958 0.007330 0.015625
0 0.244792 0.268953 0.007716 0.011285
0 0.239101 0.290654 0.007137 0.008391
0 0.261863 0.296296 0.007523 0.011574
0 0.253569 0.318287 0.007909 0.012153
0 0.292631 0.339120 0.010031 0.013310
0 0.319155 0.351418 0.010995 0.013600
0 0.309510 0.396412 0.010610 0.010995
0 0.357928 0.373987 0.007137 0.011285
0 0.401427 0.370515 0.008873 0.013600
0 0.329475 0.420862 0.007330 0.011285
0 0.289641 0.423756 0.010224 0.018229
0 0.257137 0.439815 0.010031 0.015046
0 0.260320 0.455295 0.008681 0.012442
0 0.274981 0.459057 0.010224 0.010127
0 0.281250 0.449508 0.010031 0.013600
0 0.279900 0.488137 0.010031 0.013889
0 0.435089 0.405093 0.008681 0.013310
0 0.447434 0.347656 0.006752 0.010127
0 0.444155 0.365451 0.005594 0.012731
0 0.481964 0.368200 0.009066 0.011863
0 0.516975 0.371094 0.006944 0.013021
0 0.508970 0.384549 0.007909 0.009838
0 0.513310 0.391059 0.006559 0.009549
0 0.480035 0.414641 0.007523 0.011574
0 0.454282 0.457465 0.009259 0.012153
0 0.463831 0.456019 0.010224 0.011574
0 0.482446 0.453559 0.007716 0.008970
0 0.478299 0.467159 0.008295 0.010706
0 0.494309 0.470920 0.009066 0.013600
0 0.496528 0.291377 0.010802 0.013889
0 0.508198 0.267072 0.010610 0.008102
0 0.540413 0.275608 0.009066 0.010127
0 0.527874 0.191985 0.005594 0.010127
0 0.495177 0.219473 0.005401 0.008970
0 0.472222 0.205150 0.005787 0.009259
0 0.439043 0.232350 0.007716 0.012731
0 0.354070 0.257957 0.009066 0.016493
0 0.360822 0.224103 0.009066 0.017072
0 0.394194 0.209346 0.009452 0.013021
0 0.330826 0.174190 0.007330 0.009838
0 0.367284 0.163773 0.005787 0.008681
0 0.413966 0.156973 0.007330 0.007812
0 0.559124 0.184751 0.006366 0.011863
0 0.570505 0.223235 0.006752 0.013600
0 0.596065 0.187789 0.006173 0.010995
0 0.594136 0.222222 0.009259 0.011574
0 0.593750 0.247106 0.010031 0.010417
0 0.559317 0.295139 0.009838 0.012153
0 0.572242 0.287326 0.004823 0.013889
0 0.559896 0.372541 0.009452 0.010706
0 0.562789 0.379051 0.009066 0.009259
0 0.605999 0.347222 0.007909 0.012153
0 0.586323 0.386285 0.009838 0.012153
0 0.639564 0.369502 0.008295 0.010417
0 0.632330 0.385272 0.006944 0.010127
0 0.648341 0.384693 0.009645 0.011285
0 0.639660 0.430845 0.008488 0.012731
0 0.666281 0.450521 0.006173 0.009259
0 0.608121 0.474682 0.006752 0.012442
0 0.630980 0.174045 0.010417 0.011863
0 0.663098 0.137876 0.007909 0.007234
0 0.659433 0.156395 0.007523 0.010706
0 0.682195 0.154514 0.006366 0.009838
0 0.684028 0.222512 0.006944 0.011574
0 0.670139 0.259259 0.008102 0.012153
0 0.689911 0.245081 0.008681 0.011574
0 0.712867 0.231192 0.006366 0.012731
0 0.724537 0.218605 0.009259 0.014757
0 0.688850 0.275608 0.006559 0.011863
0 0.713445 0.268663 0.007909 0.014178
0 0.701196 0.305556 0.008102 0.010417
0 0.726080 0.313657 0.006173 0.012731
0 0.740644 0.249421 0.007523 0.010417
0 0.711227 0.146267 0.007330 0.010127
0 0.733218 0.142216 0.013117 0.007812
0 0.762442 0.161748 0.009452 0.012731
0 0.749325 0.175492 0.007523 0.008970
0 0.694637 0.421152 0.010417 0.014757
0 0.783179 0.470341 0.008873 0.011863
0 0.794367 0.316696 0.006944 0.011863
0 0.789255 0.328993 0.007137 0.011574
0 0.791667 0.343895 0.008102 0.008970
0 0.833430 0.360098 0.010610 0.014757
0 0.829861 0.199508 0.008873 0.008970
0 0.852238 0.200231 0.007716 0.013310
0 0.844522 0.240741 0.006944 0.011574
0 0.858410 0.220486 0.008488 0.010995
0 0.890529 0.199508 0.010224 0.013021
0 0.891686 0.224392 0.009066 0.010127
0 0.900270 0.245081 0.006173 0.006944
0 0.924479 0.303096 0.007523 0.013021
0 0.943383 0.285012 0.006366 0.009259
0 0.952836 0.389323 0.009066 0.008391
0 0.963735 0.326534 0.009259 0.014178
0 0.974537 0.352575 0.006559 0.013021
0 0.977816 0.387008 0.010031 0.013021
0 0.894001 0.144965 0.008681 0.012731
0 0.935089 0.164786 0.008681 0.008970
0 0.942805 0.176215 0.004437 0.008102
0 0.948399 0.181134 0.007909 0.010417
0 0.970679 0.162616 0.006944 0.011574
0 0.979263 0.168547 0.010610 0.013021
0 0.960745 0.199219 0.007909 0.011863
0 0.971161 0.204427 0.009452 0.010706
0 0.959587 0.209780 0.009452 0.009259
0 0.092593 0.490885 0.007330 0.010706
0 0.990258 0.426360 0.006752 0.010706
0 0.662037 0.834346 0.004244 0.009549