0 0.074653 0.474826 0.010031 0.016782
0 0.293403 0.491030 0.008102 0.014468
0 0.313947 0.415075 0.007909 0.013021
0 0.292921 0.254919 0.007909 0.017361
0 0.232832 0.196759 0.008488 0.014468
0 0.191840 0.511719 0.007137 0.005498
0 0.463156 0.260561 0.007330 0.011285
0 0.416184 0.184172 0.007909 0.011863
0 0.360725 0.246817 0.009259 0.013889
0 0.350984 0.307147 0.006752 0.011285
0 0.377411 0.384549 0.008295 0.015046
0 0.459587 0.480469 0.008295 0.018229
0 0.656346 0.508391 0.008681 0.012153
0 0.614680 0.357784 0.007523 0.018229
0 0.541860 0.287905 0.009259 0.015625
0 0.653742 0.218171 0.010031 0.016782
0 0.787905 0.383825 0.007523 0.012442
0 0.777778 0.375723 0.008488 0.011285
0 0.733218 0.342882 0.011574 0.015625
0 0.816262 0.293692 0.006366 0.015625
0 0.822145 0.246528 0.008873 0.014468
0 0.807099 0.245226 0.009259 0.018229
0 0.779225 0.212674 0.007909 0.015046
0 0.802083 0.204572 0.009259 0.012731
0 0.722029 0.222367 0.008873 0.012442
0 0.738329 0.166811 0.011767 0.010127
0 0.700521 0.168113 0.009838 0.012731
0 0.932388 0.335214 0.007909 0.011863
0 0.970390 0.214988 0.009066 0.017361
0 0.936343 0.226562 0.010031 0.015046
0 0.867670 0.219039 0.009259 0.016204
0 0.902006 0.169705 0.008488 0.015914
0 0.026042 0.610098 0.010802 0.013021
0 0.017458 0.811198 0.012153 0.015336
0 0.326389 0.798900 0.006944 0.010417
0 0.287519 0.805556 0.011381 0.013889
0 0.266782 0.764034 0.010802 0.018808
0 0.323495 0.626881 0.009645 0.016493
0 0.241512 0.628762 0.009259 0.011574
0 0.311150 0.584346 0.009259 0.015914
0 0.191647 0.519676 0.008295 0.010417
0 0.048322 0.542824 0.011767 0.013310
0 0.374035 0.767072 0.007716 0.013889
0 0.429205 0.795428 0.006944 0.017361
0 0.503183 0.826678 0.008295 0.013310
0 0.476852 0.696470 0.009259 0.013310
0 0.497878 0.676794 0.009645 0.014468
0 0.545525 0.636574 0.008488 0.013310
0 0.584105 0.720197 0.010031 0.014468
0 0.622685 0.722801 0.009259 0.013310
0 0.625772 0.679253 0.010031 0.018229
0 0.423611 0.591725 0.010031 0.013889
0 0.376061 0.680411 0.012539 0.011285
0 0.758488 0.603299 0.008488 0.010417
0 0.815104 0.575666 0.007523 0.015914
0 0.705922 0.661458 0.009838 0.011574
0 0.745563 0.743924 0.009259 0.013889
0 0.767650 0.740307 0.007137 0.010706
0 0.753954 0.754919 0.007523 0.014468
0 0.751447 0.796296 0.010995 0.013310
0 0.788098 0.836227 0.006366 0.015046
0 0.693962 0.851418 0.007523 0.010127
0 0.675540 0.859230 0.009259 0.009549
0 0.833333 0.766204 0.008873 0.010995
0 0.862365 0.769097 0.012539 0.014468
0 0.873360 0.732205 0.007523 0.008391
0 0.884356 0.695747 0.010995 0.010706
0 0.898245 0.668258 0.009838 0.010706
0 0.947627 0.696036 0.008295 0.012442
0 0.913291 0.737269 0.009066 0.012153
0 0.980806 0.858073 0.007523 0.013021
0 0.978684 0.755498 0.006752 0.010417
0 0.678819 0.866030 0.008873 0.005208