0 0.089988 0.231771 0.012153 0.016204
0 0.139564 0.311487 0.009066 0.011863
0 0.192805 0.250723 0.012924 0.018808
0 0.212191 0.227286 0.008488 0.013021
0 0.276910 0.225116 0.008295 0.012731
0 0.322338 0.255208 0.008102 0.011574
0 0.265046 0.180411 0.007330 0.011285
0 0.005015 0.445891 0.009259 0.016204
0 0.163966 0.482784 0.009259 0.013600
0 0.486400 0.169705 0.007137 0.012442
0 0.556520 0.224392 0.012346 0.015336
0 0.613619 0.256510 0.009645 0.012442
0 0.646605 0.239294 0.008873 0.013310
0 0.523727 0.375145 0.009645 0.009549
0 0.373939 0.347801 0.008295 0.013889
0 0.378279 0.382957 0.008873 0.013600
0 0.393133 0.257812 0.010031 0.017361
0 0.339988 0.230903 0.008681 0.014468
0 0.357639 0.186777 0.008102 0.010706
0 0.573592 0.486834 0.007523 0.010127
0 0.336709 0.511719 0.009838 0.011285
0 0.662133 0.185764 0.009066 0.016782
0 0.854649 0.207031 0.008295 0.012442
0 0.826389 0.218171 0.006173 0.015046
0 0.847512 0.171296 0.005980 0.012153
0 0.815201 0.284433 0.007716 0.013310
0 0.803241 0.281250 0.008102 0.014468
0 0.698688 0.205150 0.010802 0.013310
0 0.670139 0.256221 0.006559 0.013021
0 0.732253 0.358796 0.009259 0.013310
0 0.734279 0.346933 0.006752 0.007523
0 0.764082 0.376591 0.011574 0.011285
0 0.807002 0.359375 0.010610 0.014468
0 0.885127 0.385127 0.008295 0.010995
0 0.961130 0.451389 0.011767 0.015046
0 0.730710 0.515191 0.009645 0.008970
0 0.033661 0.821759 0.013696 0.014468
0 0.127315 0.642506 0.011574 0.017072
0 0.207176 0.675058 0.009259 0.013889
0 0.230903 0.681134 0.010802 0.015046
0 0.270158 0.711082 0.010224 0.012442
0 0.241416 0.617622 0.010995 0.011285
0 0.002604 0.751302 0.004823 0.008391
0 0.352141 0.803385 0.011767 0.015914
0 0.444734 0.746383 0.008295 0.014757
0 0.385802 0.611690 0.010417 0.016782
0 0.624807 0.746672 0.008873 0.014757
0 0.638696 0.830584 0.007330 0.010706
0 0.542052 0.626591 0.008488 0.012442
0 0.695698 0.764034 0.007523 0.013021
0 0.718364 0.786024 0.007716 0.013021
0 0.735918 0.577691 0.010802 0.010706
0 0.775367 0.664786 0.009066 0.011285
0 0.833526 0.634404 0.008873 0.014757
0 0.841628 0.677662 0.011574 0.014468
0 0.844811 0.810185 0.011381 0.015046
0 0.867477 0.832031 0.009645 0.011863
0 0.984375 0.850694 0.010417 0.013310
0 0.948302 0.814525 0.010417 0.007523
0 0.938947 0.791377 0.005980 0.013889
0 0.935378 0.734086 0.007330 0.009838
0 0.943576 0.732494 0.009066 0.011863
0 0.972704 0.752604 0.005594 0.013310
0 0.977238 0.625145 0.008873 0.011285