0 0.069734 0.387876 0.008681 0.014757
0 0.090085 0.619358 0.009645 0.014757
0 0.073206 0.751736 0.008295 0.013889
0 0.313368 0.521701 0.005594 0.012153
0 0.361786 0.728877 0.011767 0.015625
0 0.495660 0.657697 0.010610 0.016204
0 0.575810 0.619502 0.011188 0.020833
0 0.642940 0.630932 0.009645 0.017072
0 0.523245 0.517940 0.010224 0.015046
0 0.670525 0.840712 0.007716 0.015914
0 0.698302 0.839554 0.009259 0.011863
0 0.770255 0.801649 0.010417 0.010127
0 0.774691 0.562645 0.009645 0.015336
0 0.908179 0.753762 0.009645 0.013889
0 0.906346 0.793692 0.010224 0.011574
0 0.956404 0.536458 0.010417 0.013310
0 0.332755 0.813802 0.008488 0.014757