0 0.078993 0.412760 0.011381 0.015914
0 0.542921 0.224103 0.010224 0.015336
0 0.580536 0.246962 0.009066 0.017072
0 0.827546 0.406105 0.009259 0.016493
0 0.882909 0.362413 0.008102 0.017072
0 0.953897 0.387297 0.009259 0.014178
0 0.992188 0.194300 0.010224 0.014757
0 0.077932 0.513310 0.011574 0.013310
0 0.233893 0.643374 0.011381 0.014178
0 0.700424 0.679977 0.009645 0.010417
0 0.707755 0.534433 0.008102 0.009838
0 0.891782 0.645978 0.011188 0.011863
0 0.858121 0.707465 0.008681 0.015046
0 0.905093 0.812211 0.008488 0.013310
0 0.521798 0.576678 0.009259 0.010417