0 0.418403 0.175347 0.008102 0.013310
0 0.477045 0.212384 0.008488 0.015625
0 0.632620 0.212674 0.010224 0.016204
0 0.452643 0.394531 0.007523 0.013600
0 0.466242 0.383970 0.010031 0.012731
0 0.724441 0.353009 0.009452 0.017361
0 0.782022 0.498553 0.008873 0.013310
0 0.779032 0.260127 0.010995 0.016204
0 0.845100 0.225405 0.011188 0.016204
0 0.902006 0.201823 0.006944 0.011285
0 0.980421 0.266493 0.008295 0.013310
0 0.923032 0.317130 0.010802 0.016204
0 0.907986 0.198061 0.008102 0.013600
0 0.086420 0.785301 0.009259 0.011574
0 0.148438 0.757812 0.009452 0.013889
0 0.273052 0.837818 0.011381 0.014178
0 0.268808 0.703848 0.009452 0.015914
0 0.278839 0.567419 0.011767 0.014468
0 0.458140 0.731771 0.010031 0.015046
0 0.481096 0.744358 0.009645 0.015336
0 0.538002 0.770833 0.010417 0.012731
0 0.616127 0.702980 0.011188 0.014757
0 0.663580 0.787905 0.006559 0.015046
0 0.421682 0.559028 0.008102 0.009838
0 0.795139 0.627604 0.008873 0.014468
0 0.904128 0.660880 0.010802 0.017361
0 0.893036 0.741609 0.010610 0.013310
0 0.829475 0.755787 0.008488 0.015046
0 0.214892 0.395255 0.008873 0.014468