0 0.534240 0.261140 0.010610 0.017650
0 0.792631 0.625579 0.009259 0.013310
0 0.709973 0.747830 0.010224 0.013600
0 0.689525 0.697338 0.010995 0.014468
0 0.773630 0.820312 0.011381 0.012731
0 0.931424 0.770833 0.009838 0.016204
0 0.966532 0.782697 0.011381 0.015625
0 0.950328 0.681568 0.011767 0.015914
0 0.908083 0.583478 0.009452 0.015336
0 0.849730 0.587384 0.008488 0.009838
0 0.292631 0.431568 0.008873 0.011863
0 0.127701 0.302951 0.009645 0.014468
0 0.820505 0.272714 0.007137 0.011863
0 0.717496 0.249421 0.007137 0.011574
0 0.729938 0.354167 0.008488 0.011574
0 0.932485 0.195168 0.006173 0.011863
0 0.948302 0.197338 0.008102 0.012731
0 0.913194 0.317130 0.009645 0.012153
0 0.934317 0.294416 0.006366 0.011863
0 0.964313 0.310909 0.009645 0.012442
0 0.999035 0.203559 0.001929 0.010706