0 0.398823 0.408709 0.007909 0.010706
0 0.351177 0.504630 0.007523 0.009838
0 0.538870 0.460069 0.008681 0.011574
0 0.627025 0.253038 0.007909 0.012442
0 0.624614 0.225116 0.009259 0.013310
0 0.750482 0.415509 0.008681 0.009838
0 0.714699 0.361545 0.008873 0.010706
0 0.766879 0.322193 0.007137 0.012442
0 0.708526 0.262297 0.011188 0.011863
0 0.817419 0.237124 0.006752 0.010127
0 0.787616 0.180122 0.008488 0.007234
0 0.866802 0.181279 0.009066 0.012442
0 0.972897 0.259838 0.007523 0.012153
0 0.956983 0.308738 0.009259 0.013310
0 0.962674 0.325231 0.009066 0.012153
0 0.911073 0.354167 0.008102 0.010995
0 0.846354 0.342303 0.007523 0.013310
0 0.092207 0.675637 0.009259 0.016782
0 0.125868 0.570602 0.008681 0.015625
0 0.188079 0.728733 0.010031 0.012442
0 0.317323 0.731626 0.008488 0.014757
0 0.599055 0.622541 0.007137 0.013600
0 0.655478 0.607205 0.010802 0.013021
0 0.524209 0.744936 0.012153 0.012442
0 0.438657 0.811487 0.008873 0.010706
0 0.405864 0.835359 0.010417 0.010995
0 0.407311 0.851707 0.014082 0.010706
0 0.723380 0.539207 0.008488 0.012442
0 0.735436 0.588686 0.010224 0.011863
0 0.703607 0.765480 0.008681 0.011285
0 0.690104 0.812066 0.006752 0.011863
0 0.715085 0.813368 0.009259 0.009838
0 0.808353 0.793403 0.009066 0.011574
0 0.815683 0.770833 0.009066 0.012731
0 0.847512 0.743056 0.009452 0.011574
0 0.817998 0.649595 0.009452 0.011574
0 0.883584 0.689091 0.006752 0.010127
0 0.921779 0.705729 0.009452 0.012731
0 0.916474 0.722078 0.007330 0.009549
0 0.904032 0.775318 0.008681 0.011285
0 0.976273 0.803964 0.008102 0.015336
0 0.609568 0.858652 0.009645 0.010706
0 0.265625 0.430845 0.009259 0.015625
0 0.289255 0.446325 0.008295 0.017650
0 0.133198 0.207465 0.009838 0.013310
0 0.301794 0.161024 0.010224 0.010706
0 0.666956 0.714554 0.009838 0.012442