0 0.035687 0.318576 0.010417 0.013310
0 0.307581 0.272280 0.009838 0.016782
0 0.422647 0.425637 0.012346 0.012731
0 0.485243 0.388021 0.011767 0.013310
0 0.446470 0.162326 0.013310 0.013310
0 0.623746 0.366753 0.008681 0.010706
0 0.644290 0.318721 0.011188 0.013600
0 0.651910 0.220486 0.010995 0.013889
0 0.573206 0.171441 0.012153 0.013600
0 0.631944 0.504340 0.010417 0.012731
0 0.713927 0.240885 0.010417 0.011285
0 0.980710 0.422309 0.010031 0.013021
0 0.021798 0.598669 0.008102 0.012153
0 0.352623 0.563513 0.011188 0.014757
0 0.354745 0.654225 0.013889 0.013889
0 0.533083 0.654659 0.009838 0.012442
0 0.619020 0.793837 0.014275 0.017072
0 0.787037 0.673177 0.011574 0.012442
0 0.688850 0.716001 0.010031 0.010706
0 0.863329 0.820891 0.010610 0.014468
0 0.208526 0.258391 0.008102 0.009838