0 0.364294 0.268663 0.009838 0.012442
0 0.489294 0.296441 0.009838 0.015914
0 0.515625 0.219473 0.008488 0.014178
0 0.627315 0.374277 0.008873 0.015914
0 0.785590 0.185185 0.010610 0.015625
0 0.805363 0.238860 0.011574 0.012442
0 0.896701 0.218895 0.010224 0.011863
0 0.699074 0.450087 0.013889 0.013600
0 0.230421 0.657697 0.014082 0.019676
0 0.197434 0.828559 0.011767 0.014178
0 0.559414 0.667679 0.013117 0.013600
0 0.545235 0.753762 0.008295 0.016782
0 0.566262 0.762153 0.010610 0.015046
0 0.630691 0.620660 0.010610 0.014468
0 0.608218 0.811777 0.011574 0.018229
0 0.471258 0.849682 0.010802 0.013021
0 0.700424 0.642072 0.013117 0.013889
0 0.697145 0.840856 0.012346 0.015046
0 0.830247 0.856337 0.014275 0.013021
0 0.869599 0.850839 0.010802 0.012442
0 0.912423 0.854601 0.011960 0.014757
0 0.976080 0.807147 0.010031 0.014178
0 0.943576 0.815828 0.009066 0.012442
0 0.667149 0.581742 0.009452 0.013600
0 0.039931 0.225694 0.008873 0.013889
0 0.231964 0.237269 0.010610 0.013889
0 0.230421 0.314525 0.008295 0.012153
0 0.306617 0.197193 0.006752 0.009549