0 0.287230 0.468171 0.010031 0.010417
0 0.306906 0.424190 0.010031 0.012731
0 0.198592 0.195602 0.010995 0.013310
0 0.339313 0.314670 0.009645 0.016493
0 0.613812 0.382089 0.010417 0.010706
0 0.638117 0.293547 0.010031 0.016493
0 0.841435 0.436053 0.012346 0.012153
0 0.924769 0.345486 0.009259 0.015046
0 0.953318 0.388021 0.009645 0.013889
0 0.996335 0.436921 0.007330 0.012153
0 0.932099 0.268519 0.009259 0.015046
0 0.936825 0.231047 0.008295 0.015336
0 0.986979 0.201100 0.010610 0.020255
0 0.776235 0.283420 0.010802 0.010127
0 0.746624 0.398003 0.010610 0.019965
0 0.803530 0.183883 0.007523 0.015914
0 0.093171 0.843461 0.008873 0.013889
0 0.154707 0.842014 0.009259 0.013310
0 0.344522 0.527778 0.009259 0.012731
0 0.375386 0.627459 0.013503 0.017650
0 0.508681 0.564815 0.009259 0.019097
0 0.587384 0.520399 0.008488 0.011285
0 0.534433 0.763021 0.012539 0.011574
0 0.472415 0.796441 0.010417 0.016493
0 0.516300 0.845197 0.010224 0.013310
0 0.634452 0.807002 0.006173 0.012731
0 0.971836 0.743200 0.010417 0.016493
0 0.991319 0.813802 0.009645 0.016493
0 0.923032 0.827836 0.008488 0.013889
0 0.926987 0.838976 0.007137 0.010706