0 0.134356 0.491030 0.010610 0.015046
0 0.213252 0.372106 0.030285 0.028356
0 0.301022 0.499855 0.010224 0.015336
0 0.367573 0.247106 0.009838 0.012731
0 0.471740 0.292535 0.008681 0.010995
0 0.608314 0.428096 0.010610 0.014178
0 0.783854 0.209057 0.010995 0.016493
0 0.831404 0.370660 0.011574 0.015625
0 0.818191 0.422743 0.012153 0.011574
0 0.728395 0.401765 0.011188 0.011863
0 0.955440 0.173322 0.008873 0.012153
0 0.974537 0.218750 0.008488 0.013889
0 0.366512 0.686053 0.011188 0.012731
0 0.620177 0.626591 0.010031 0.014178
0 0.642265 0.721644 0.009066 0.012153
0 0.596161 0.857350 0.009838 0.010995
0 0.828607 0.590422 0.008681 0.014178
0 0.770930 0.674190 0.009838 0.013889
0 0.878376 0.624566 0.010995 0.013600
0 0.958237 0.638021 0.008681 0.010417
0 0.977334 0.700955 0.014082 0.015336
0 0.898438 0.797454 0.008681 0.010995
0 0.876447 0.774595 0.012539 0.010995
0 0.941840 0.846788 0.008681 0.008391