0 0.486111 0.310475 0.010031 0.015046
0 0.435089 0.371962 0.010224 0.013600
0 0.622203 0.444589 0.010224 0.012442
0 0.650559 0.186632 0.008295 0.011574
0 0.682967 0.285156 0.009452 0.012442
0 0.755305 0.165654 0.009066 0.014178
0 0.681424 0.140770 0.008295 0.011285
0 0.029707 0.674624 0.009259 0.010706
0 0.089313 0.728877 0.008102 0.010417
0 0.275463 0.683304 0.011188 0.016493
0 0.293789 0.673611 0.007716 0.015046
0 0.313079 0.759115 0.009645 0.017072
0 0.201196 0.752315 0.008102 0.013889
0 0.523148 0.628762 0.008488 0.013889
0 0.469522 0.669705 0.011960 0.015914
0 0.526620 0.738137 0.011574 0.015625
0 0.450424 0.808738 0.011188 0.015625
0 0.397955 0.787182 0.011574 0.018808
0 0.425926 0.792390 0.012731 0.014757
0 0.352238 0.720775 0.013117 0.017361
0 0.578125 0.815828 0.011574 0.015336
0 0.455922 0.835214 0.009452 0.013600
0 0.769676 0.833767 0.014275 0.018229
0 0.810282 0.727286 0.010995 0.012442
0 0.875482 0.745804 0.009838 0.011863
0 0.918113 0.740741 0.009066 0.015046
0 0.929398 0.686343 0.007330 0.013310
0 0.982350 0.648582 0.009066 0.010706
0 0.750096 0.586227 0.010224 0.013310
0 0.735050 0.658999 0.009838 0.017072
0 0.791474 0.771991 0.007716 0.011574
0 0.795235 0.776186 0.007909 0.009549
0 0.666956 0.596499 0.009066 0.008970