0 0.354360 0.193576 0.010802 0.015625
0 0.337577 0.241464 0.010417 0.015914
0 0.382812 0.357205 0.009066 0.011863
0 0.437982 0.359375 0.009452 0.012153
0 0.492959 0.311632 0.011381 0.018519
0 0.476948 0.264468 0.013696 0.016204
0 0.541184 0.225984 0.015239 0.017361
0 0.562018 0.478877 0.011767 0.013310
0 0.664062 0.242332 0.011767 0.014757
0 0.748843 0.447772 0.010417 0.011285
0 0.714217 0.297743 0.008295 0.010995
0 0.725019 0.216580 0.008295 0.011863
0 0.736593 0.216435 0.008681 0.012731
0 0.904225 0.172454 0.011381 0.016204
0 0.935957 0.169560 0.015432 0.016782
0 0.974151 0.200376 0.010417 0.014757
0 0.937211 0.235677 0.010995 0.014757
0 0.934799 0.256076 0.010031 0.010995
0 0.972897 0.301071 0.011767 0.015914
0 0.930170 0.332610 0.007716 0.014178
0 0.675637 0.218027 0.007523 0.013600
0 0.081019 0.459201 0.005787 0.012731
0 0.081501 0.470920 0.007137 0.011863
0 0.418499 0.554109 0.011381 0.015625
0 0.423708 0.583767 0.009838 0.011285
0 0.663484 0.724971 0.007137 0.015336
0 0.697434 0.733073 0.008681 0.009549
0 0.640625 0.792824 0.008102 0.010995
0 0.317419 0.718171 0.007523 0.012153
0 0.367477 0.776765 0.010031 0.009549
0 0.873071 0.564525 0.010031 0.009259
0 0.818287 0.592159 0.009645 0.013600
0 0.824267 0.630498 0.007330 0.012153
0 0.867863 0.701389 0.009259 0.010995
0 0.803144 0.774740 0.007137 0.009549
0 0.878183 0.784433 0.009066 0.011574
0 0.875386 0.805411 0.008488 0.012442
0 0.891686 0.799190 0.007523 0.013310
0 0.907407 0.818432 0.009645 0.010706
0 0.911844 0.814959 0.008488 0.012442
0 0.948592 0.731771 0.008681 0.012153
0 0.955150 0.708333 0.006752 0.012153