0 0.705729 0.177807 0.009452 0.010127
0 0.874421 0.158565 0.012346 0.010417
0 0.867573 0.180990 0.012153 0.009549
0 0.924479 0.210938 0.007909 0.012153
0 0.823688 0.277778 0.008488 0.011574
0 0.831790 0.375868 0.008488 0.014468
0 0.878472 0.426794 0.010802 0.015046
0 0.809317 0.459635 0.010610 0.015336
0 0.007427 0.534433 0.010610 0.013889
0 0.095679 0.584346 0.010802 0.014178
0 0.137731 0.782841 0.011188 0.012442
0 0.447724 0.635995 0.010031 0.013310
0 0.557870 0.710648 0.008873 0.014468
0 0.573302 0.778067 0.010802 0.015046
0 0.595968 0.800637 0.009452 0.013889
0 0.594811 0.815683 0.007523 0.011574
0 0.621914 0.770544 0.007716 0.013310
0 0.604263 0.502604 0.011767 0.013310
0 0.634259 0.622106 0.008873 0.015625
0 0.776813 0.549190 0.010031 0.012731
0 0.709587 0.699219 0.010995 0.013600
0 0.721354 0.778646 0.008681 0.013889
0 0.804012 0.763600 0.010802 0.015046
0 0.876833 0.668113 0.010610 0.010417
0 0.900752 0.670284 0.009838 0.013600
0 0.982157 0.633825 0.008681 0.014178
0 0.968750 0.771701 0.009645 0.013889
0 0.981771 0.786024 0.007523 0.011863
0 0.907215 0.799769 0.010031 0.012153
0 0.985822 0.791377 0.005980 0.009259
0 0.242477 0.235532 0.008873 0.013889
0 0.243538 0.267072 0.010224 0.012153
0 0.421489 0.459635 0.010031 0.017072
0 0.490934 0.257668 0.008488 0.010706
0 0.621335 0.139468 0.007330 0.009259
0 0.660880 0.186053 0.008873 0.011574
0 0.634742 0.392795 0.007909 0.011285
0 0.621142 0.489728 0.008488 0.008970