0 0.083430 0.184606 0.013310 0.015625
0 0.092593 0.273727 0.014275 0.019097
0 0.136188 0.229456 0.011188 0.011574
0 0.153453 0.235822 0.009452 0.013889
0 0.157118 0.306568 0.016397 0.014757
0 0.100405 0.412905 0.007523 0.010995
0 0.189911 0.496672 0.011767 0.014757
0 0.321084 0.504485 0.012539 0.017072
0 0.300058 0.248553 0.012539 0.017940
0 0.315779 0.260272 0.010031 0.014757
0 0.294850 0.219763 0.012153 0.014757
0 0.325810 0.179253 0.010031 0.013021
0 0.639178 0.362703 0.012539 0.015914
0 0.563657 0.236256 0.012731 0.017650
0 0.524498 0.186343 0.011960 0.016204
0 0.476370 0.191985 0.012153 0.015914
0 0.390721 0.171586 0.012153 0.014468
0 0.367863 0.233652 0.010417 0.015914
0 0.683835 0.288918 0.010802 0.014178
0 0.697724 0.264178 0.009645 0.011574
0 0.819927 0.180700 0.010224 0.013021
0 0.874904 0.184896 0.010224 0.016204
0 0.946663 0.214265 0.008681 0.011863
0 0.993924 0.419416 0.008295 0.017072
0 0.038002 0.533854 0.011960 0.012731
0 0.053144 0.767216 0.009838 0.010127
0 0.045814 0.773293 0.008681 0.010706
0 0.118538 0.632668 0.012539 0.016493
0 0.197627 0.654225 0.012924 0.015625
0 0.268519 0.642795 0.009645 0.012442
0 0.223765 0.729745 0.011960 0.013889
0 0.182195 0.807292 0.009066 0.010995
0 0.307677 0.713831 0.011188 0.013889
0 0.328414 0.812066 0.010224 0.015914
0 0.139468 0.751157 0.008102 0.010417
0 0.444348 0.530816 0.008681 0.014757
0 0.482350 0.733652 0.010995 0.013600
0 0.576968 0.750723 0.011960 0.013600
0 0.580536 0.816406 0.011381 0.017072
0 0.642747 0.746672 0.010417 0.011863
0 0.370370 0.674479 0.007716 0.012731
0 0.707176 0.703848 0.010031 0.011285
0 0.736786 0.722367 0.010995 0.017072
0 0.699942 0.810041 0.012153 0.013600
0 0.785590 0.792824 0.013310 0.015625
0 0.803530 0.755064 0.008681 0.013600
0 0.849344 0.711082 0.010031 0.011863
0 0.967303 0.727720 0.011767 0.014468
0 0.955536 0.829427 0.006752 0.007234
0 0.950907 0.837674 0.009452 0.010417
0 0.992188 0.629196 0.013310 0.015336
0 0.996238 0.655527 0.007523 0.013021
0 0.022955 0.163484 0.008873 0.006366
0 0.496624 0.513600 0.008681 0.009259