0 0.076003 0.173322 0.012731 0.016782
0 0.048129 0.263021 0.012153 0.015046
0 0.018615 0.321181 0.011381 0.017940
0 0.028742 0.321325 0.006944 0.020544
0 0.114198 0.363571 0.013889 0.015914
0 0.139757 0.339699 0.009838 0.016204
0 0.241898 0.303819 0.012731 0.015046
0 0.237365 0.283709 0.014082 0.013021
0 0.325714 0.272714 0.013310 0.015914
0 0.326003 0.249855 0.012731 0.016493
0 0.297936 0.320602 0.012539 0.015625
0 0.277296 0.449219 0.013696 0.016493
0 0.212674 0.223380 0.009838 0.014468
0 0.447434 0.444444 0.011767 0.013889
0 0.486304 0.374855 0.011574 0.012442
0 0.532407 0.311053 0.013117 0.016204
0 0.557485 0.319878 0.012731 0.017072
0 0.490741 0.233362 0.013889 0.011285
0 0.508102 0.216146 0.013117 0.015046
0 0.520833 0.185330 0.018904 0.018229
0 0.548611 0.210359 0.015818 0.019676
0 0.631655 0.316406 0.012153 0.017650
0 0.557581 0.443287 0.014468 0.016204
0 0.576485 0.451823 0.012924 0.016493
0 0.634645 0.460359 0.011574 0.019097
0 0.720775 0.187645 0.010610 0.013021
0 0.777296 0.297020 0.010610 0.015336
0 0.888792 0.205584 0.010224 0.013600
0 0.910301 0.220341 0.008488 0.015336
0 0.953897 0.173756 0.008488 0.012442
0 0.987558 0.204282 0.009838 0.013889
0 0.925637 0.266493 0.009452 0.014468
0 0.934896 0.305845 0.014853 0.013889
0 0.919174 0.332321 0.009645 0.014178
0 0.962481 0.273003 0.011767 0.011863
0 0.970486 0.287616 0.011188 0.012153
0 0.974537 0.373264 0.009645 0.015046
0 0.936825 0.405093 0.010995 0.013889
0 0.804205 0.345341 0.009259 0.013600
0 0.792921 0.362413 0.009066 0.010127
0 0.795718 0.409722 0.014660 0.013310
0 0.896991 0.205440 0.007716 0.012731
0 0.042342 0.555990 0.011767 0.015914
0 0.106867 0.571904 0.014660 0.018229
0 0.272377 0.655237 0.014275 0.013600
0 0.275270 0.684606 0.012346 0.016782
0 0.291088 0.734954 0.011188 0.015046
0 0.257137 0.770399 0.013889 0.016493
0 0.256559 0.798611 0.014660 0.015046
0 0.234471 0.816840 0.012539 0.016782
0 0.263985 0.821904 0.012924 0.014178
0 0.307099 0.807436 0.010031 0.015336
0 0.317998 0.827691 0.011767 0.014757
0 0.188850 0.743345 0.015046 0.019097
0 0.163773 0.795139 0.017361 0.019676
0 0.175829 0.855613 0.012924 0.015046
0 0.069059 0.735532 0.012346 0.013889
0 0.033661 0.783420 0.015625 0.019965
0 0.370660 0.630932 0.017940 0.019387
0 0.432870 0.548466 0.008873 0.015914
0 0.509452 0.540365 0.009645 0.014178
0 0.477431 0.587818 0.011574 0.014178
0 0.631269 0.581019 0.012539 0.012153
0 0.513021 0.715567 0.012153 0.016782
0 0.566165 0.739583 0.011574 0.016782
0 0.512539 0.801794 0.011960 0.015046
0 0.610629 0.779225 0.013310 0.018519
0 0.517747 0.816840 0.011574 0.009838
0 0.678723 0.526620 0.010995 0.012153
0 0.703800 0.688947 0.010224 0.013889
0 0.736690 0.704427 0.011960 0.014757
0 0.727720 0.726997 0.009452 0.010706
0 0.682967 0.787037 0.011381 0.013889
0 0.729842 0.778356 0.011381 0.015046
0 0.723187 0.802517 0.009259 0.011863
0 0.718846 0.828559 0.010610 0.015336
0 0.740837 0.790220 0.009838 0.016782
0 0.778067 0.850984 0.009452 0.013310
0 0.836613 0.825666 0.007716 0.013021
0 0.890721 0.861256 0.009452 0.011863
0 0.985147 0.863137 0.011960 0.008681
0 0.903742 0.826968 0.010802 0.010995
0 0.909240 0.840712 0.012153 0.008970
0 0.890721 0.772859 0.009452 0.013310
0 0.883295 0.758825 0.010417 0.014757
0 0.917728 0.756944 0.011767 0.015625
0 0.905671 0.734375 0.013503 0.015625
0 0.963059 0.686487 0.013696 0.014178
0 0.964120 0.677083 0.011960 0.012153
0 0.967400 0.598524 0.010417 0.017072
0 0.991898 0.563657 0.007716 0.017361
0 0.997878 0.723524 0.004244 0.010706
0 0.997878 0.706308 0.004244 0.012731
0 0.814333 0.822049 0.006752 0.010995
0 0.853684 0.865596 0.008295 0.004919