0 0.022955 0.245370 0.013889 0.013889
0 0.100887 0.155382 0.011960 0.012731
0 0.084491 0.426505 0.011188 0.021991
0 0.327353 0.433738 0.011574 0.015046
0 0.316744 0.146123 0.013503 0.010995
0 0.407504 0.230903 0.010995 0.016204
0 0.468557 0.183160 0.011574 0.016782
0 0.529417 0.204282 0.012924 0.016204
0 0.577643 0.158999 0.010995 0.016493
0 0.652296 0.235822 0.010610 0.016204
0 0.591821 0.328848 0.010031 0.014178
0 0.609954 0.397569 0.012731 0.014468
0 0.625965 0.454716 0.011960 0.014757
0 0.518615 0.432726 0.014082 0.013600
0 0.447820 0.392216 0.012924 0.016493
0 0.353492 0.418981 0.012539 0.015625
0 0.342400 0.359954 0.009259 0.016782
0 0.672261 0.243345 0.010802 0.016782
0 0.836227 0.240307 0.009645 0.017072
0 0.916956 0.173466 0.012924 0.012442
0 0.981096 0.216001 0.010417 0.011863
0 0.994599 0.436053 0.008873 0.011574
0 0.916281 0.455440 0.008102 0.016782
0 0.724248 0.427662 0.014853 0.016782
0 0.731771 0.371672 0.010995 0.018229
0 0.057677 0.563657 0.010802 0.013310
0 0.154514 0.612413 0.010802 0.017072
0 0.341339 0.608941 0.008681 0.013021
0 0.409626 0.571325 0.012153 0.017650
0 0.529417 0.597946 0.009452 0.013021
0 0.494117 0.696759 0.011381 0.016782
0 0.803241 0.663050 0.011574 0.016493
0 0.688272 0.588397 0.010802 0.013600
0 0.885224 0.604745 0.013503 0.016782
0 0.826678 0.750723 0.011381 0.014178
0 0.875579 0.791667 0.010031 0.016204
0 0.974248 0.494647 0.010995 0.010127