0 0.136671 0.493779 0.009838 0.012442
0 0.172936 0.517650 0.008295 0.014468
0 0.303144 0.306568 0.009452 0.013021
0 0.347994 0.243779 0.011188 0.013600
0 0.342400 0.337963 0.011188 0.013889
0 0.444155 0.262731 0.012153 0.016204
0 0.460552 0.370660 0.010610 0.015625
0 0.459201 0.435330 0.010224 0.013021
0 0.575328 0.237992 0.010224 0.013600
0 0.647473 0.475550 0.007909 0.013021
0 0.689622 0.262876 0.011960 0.014757
0 0.784433 0.218171 0.011381 0.013310
0 0.833719 0.229456 0.009645 0.012731
0 0.805073 0.303385 0.012924 0.013600
0 0.804398 0.317419 0.011574 0.011574
0 0.878376 0.373987 0.010224 0.014757
0 0.805459 0.402778 0.012153 0.011574
0 0.798900 0.433449 0.009452 0.009259
0 0.733025 0.407552 0.008488 0.013021
0 0.745853 0.446904 0.009066 0.009549
0 0.759066 0.465856 0.009645 0.010995
0 0.919560 0.489005 0.013117 0.015625
0 0.922261 0.367043 0.010031 0.014178
0 0.107639 0.813223 0.012731 0.016493
0 0.073978 0.854456 0.010995 0.012731
0 0.257812 0.754340 0.012539 0.013889
0 0.271316 0.634983 0.007909 0.011285
0 0.270255 0.611690 0.008488 0.010995
0 0.329282 0.831163 0.008488 0.014757
0 0.406732 0.558883 0.014082 0.014178
0 0.408854 0.663628 0.011381 0.015336
0 0.414255 0.591146 0.013310 0.014468
0 0.447049 0.615451 0.012539 0.012153
0 0.530864 0.610677 0.012731 0.017650
0 0.486400 0.674769 0.013310 0.015046
0 0.445120 0.654080 0.013696 0.015336
0 0.447338 0.752749 0.013117 0.016493
0 0.416860 0.759549 0.012346 0.016204
0 0.344136 0.831308 0.013503 0.013310
0 0.521605 0.712240 0.011188 0.010706
0 0.505208 0.685619 0.006559 0.013600
0 0.638889 0.857060 0.012731 0.014468
0 0.690394 0.589844 0.011574 0.013021
0 0.700039 0.580874 0.009645 0.015336
0 0.836709 0.730758 0.010995 0.016493
0 0.722897 0.808883 0.009838 0.012442
0 0.775174 0.856047 0.012153 0.011863
0 0.920235 0.710938 0.010995 0.013310
0 0.899884 0.633970 0.010802 0.013310
0 0.994695 0.754196 0.010610 0.015336
0 0.969232 0.815972 0.009452 0.013889
0 0.991223 0.637442 0.010224 0.015046
0 0.986497 0.786024 0.005787 0.014757
0 0.979263 0.565249 0.007523 0.013021
0 0.763117 0.169126 0.008873 0.012442
0 0.820409 0.198351 0.007330 0.011285
0 0.842785 0.174045 0.009259 0.011285
0 0.934317 0.210214 0.010995 0.013600
0 0.989487 0.163484 0.009066 0.009259
0 0.362461 0.191117 0.009259 0.011285
0 0.477238 0.194010 0.010417 0.013021
0 0.513696 0.179832 0.011574 0.013600
0 0.526235 0.202836 0.007716 0.015625
0 0.583526 0.176360 0.007716 0.010706
0 0.623939 0.185330 0.010224 0.013021