0 0.293306 0.218316 0.013696 0.014757
0 0.429688 0.349392 0.012153 0.017650
0 0.505208 0.222656 0.013117 0.015336
0 0.567901 0.240451 0.014660 0.017361
0 0.389950 0.195168 0.012153 0.017072
0 0.397473 0.469039 0.007909 0.013889
0 0.692805 0.249566 0.010995 0.015336
0 0.743441 0.251447 0.010031 0.013310
0 0.836034 0.246672 0.013117 0.015914
0 0.871238 0.260127 0.012924 0.016782
0 0.965953 0.352865 0.009838 0.016493
0 0.224441 0.658709 0.013310 0.015914
0 0.123264 0.713831 0.008102 0.010995
0 0.105324 0.836661 0.015432 0.013021
0 0.184028 0.855324 0.011574 0.015625
0 0.290509 0.813802 0.010802 0.018229
0 0.300540 0.814091 0.007716 0.017072
0 0.391782 0.691117 0.013117 0.016493
0 0.441840 0.587240 0.012539 0.019387
0 0.540413 0.623987 0.011767 0.015914
0 0.525463 0.793258 0.011574 0.017072
0 0.594811 0.778067 0.010995 0.017361
0 0.641493 0.767795 0.011381 0.013600
0 0.591435 0.840422 0.012346 0.017072
0 0.543789 0.842737 0.013889 0.012442
0 0.392361 0.858507 0.013503 0.010995
0 0.706983 0.554398 0.011574 0.019097
0 0.698978 0.593461 0.010610 0.016204
0 0.883102 0.597222 0.011960 0.015625
0 0.814236 0.722946 0.011574 0.017650
0 0.780575 0.745081 0.010224 0.012153
0 0.795525 0.793547 0.009645 0.013600
0 0.800926 0.826244 0.012731 0.015336
0 0.875579 0.822772 0.012346 0.017650
0 0.911458 0.829282 0.011574 0.015046
0 0.913098 0.765046 0.010995 0.014468
0 0.962288 0.802083 0.012924 0.015625
0 0.995467 0.806424 0.009066 0.013310