0 0.063368 0.209635 0.008295 0.013021
0 0.216242 0.280237 0.009645 0.008970
0 0.255594 0.262153 0.006944 0.011574
0 0.427566 0.213831 0.007909 0.008102
0 0.471354 0.218461 0.007137 0.009838
0 0.431617 0.340712 0.007523 0.008391
0 0.487365 0.319155 0.007523 0.011574
0 0.529610 0.284867 0.007909 0.012442
0 0.564429 0.256800 0.008102 0.013600
0 0.604649 0.153501 0.008295 0.008391
0 0.661651 0.149306 0.005015 0.010995
0 0.566647 0.358796 0.006752 0.010995
0 0.501350 0.479456 0.006559 0.010417
0 0.521701 0.488571 0.007137 0.014757
0 0.390818 0.450087 0.009645 0.014178
0 0.418885 0.394965 0.005980 0.009838
0 0.685185 0.367766 0.007330 0.009259
0 0.671296 0.368056 0.006559 0.011574
0 0.683642 0.296875 0.007330 0.008102
0 0.727816 0.235822 0.008102 0.008681
0 0.763117 0.176794 0.008488 0.009838
0 0.794174 0.137587 0.008488 0.008391
0 0.875772 0.176794 0.007716 0.012731
0 0.847704 0.318721 0.009838 0.011285
0 0.809028 0.312789 0.008488 0.009838
0 0.822820 0.341001 0.008295 0.007812
0 0.763503 0.378906 0.009259 0.008970
0 0.771894 0.409144 0.006366 0.008102
0 0.781732 0.413773 0.006366 0.012153
0 0.773341 0.456597 0.007716 0.010995
0 0.906443 0.339988 0.006173 0.013310
0 0.966435 0.443287 0.006559 0.008102
0 0.985629 0.425058 0.008295 0.010417
0 0.936439 0.480903 0.007909 0.008102
0 0.939815 0.294705 0.006559 0.009549
0 0.899402 0.290075 0.005980 0.010127
0 0.921007 0.256800 0.007909 0.008970
0 0.965664 0.268953 0.007330 0.010127
0 0.987944 0.238137 0.006366 0.008102
0 0.954668 0.223814 0.007330 0.008970
0 0.906154 0.438947 0.006752 0.009259
0 0.587191 0.521701 0.007716 0.013310
0 0.596161 0.507523 0.006752 0.006366
0 0.607832 0.574797 0.007716 0.010706
0 0.546489 0.646991 0.006944 0.009259
0 0.412423 0.617043 0.008488 0.010706
0 0.357060 0.678096 0.005015 0.004919
0 0.339796 0.715133 0.007523 0.010706
0 0.350984 0.821759 0.007523 0.012731
0 0.354167 0.806424 0.008102 0.011574
0 0.353781 0.765191 0.008102 0.009549
0 0.404900 0.814091 0.007716 0.013600
0 0.408565 0.801505 0.008102 0.009259
0 0.416956 0.790075 0.007137 0.009549
0 0.451582 0.812934 0.008488 0.013021
0 0.512539 0.792390 0.006944 0.010127
0 0.484568 0.729167 0.009645 0.010995
0 0.628665 0.790799 0.006173 0.007523
0 0.562693 0.794560 0.004630 0.005208
0 0.702932 0.502025 0.006173 0.012153
0 0.702257 0.525752 0.005594 0.009838
0 0.707948 0.570312 0.008102 0.006944
0 0.775270 0.560909 0.008102 0.012442
0 0.815104 0.623698 0.006752 0.007812
0 0.789738 0.678385 0.005401 0.008970
0 0.755498 0.655816 0.004437 0.006655
0 0.723669 0.695168 0.006752 0.006655
0 0.699171 0.730324 0.007523 0.008681
0 0.691937 0.755064 0.006559 0.010127
0 0.762731 0.760706 0.005015 0.010995
0 0.767458 0.782552 0.007137 0.011285
0 0.708526 0.820602 0.005787 0.009838
0 0.861786 0.659433 0.006366 0.008102
0 0.892554 0.622396 0.008102 0.007523
0 0.970583 0.774161 0.008295 0.009549
0 0.994502 0.760417 0.006366 0.011574
0 0.914448 0.708189 0.006752 0.007234
0 0.991223 0.667969 0.005208 0.015914
0 0.330922 0.568721 0.007909 0.007812
0 0.247975 0.567130 0.007523 0.010417
0 0.083140 0.648872 0.006173 0.011285
0 0.158565 0.768229 0.006559 0.006944
0 0.173515 0.756655 0.005980 0.013889
0 0.228009 0.702546 0.007330 0.010417
0 0.301215 0.682292 0.005980 0.005208
0 0.303627 0.689959 0.007330 0.008970