0 0.121624 0.225405 0.008681 0.012731
0 0.351562 0.235677 0.012153 0.017072
0 0.448785 0.223958 0.011381 0.017361
0 0.462770 0.293113 0.012731 0.017940
0 0.619502 0.240596 0.014468 0.020544
0 0.651042 0.365307 0.014275 0.020544
0 0.557581 0.461082 0.011381 0.018229
0 0.608700 0.480903 0.010224 0.019676
0 0.715567 0.246962 0.012539 0.017072
0 0.736497 0.243490 0.016975 0.013600
0 0.807292 0.242043 0.013117 0.017072
0 0.801698 0.177228 0.011188 0.017072
0 0.880787 0.207465 0.011574 0.012731
0 0.855035 0.292969 0.014082 0.015914
0 0.857832 0.370081 0.011188 0.013889
0 0.954958 0.468461 0.012153 0.016204
0 0.932099 0.255208 0.012731 0.015046
0 0.008005 0.814815 0.010224 0.014468
0 0.021219 0.850694 0.013889 0.015046
0 0.123939 0.805845 0.010224 0.014468
0 0.293017 0.565683 0.012731 0.019097
0 0.401524 0.835503 0.009452 0.014178
0 0.533179 0.830440 0.009645 0.013310
0 0.554205 0.807581 0.009259 0.012731
0 0.605421 0.761719 0.009066 0.014178
0 0.570891 0.849826 0.010610 0.012731
0 0.662230 0.755787 0.007716 0.014468
0 0.739969 0.823351 0.011188 0.015336
0 0.740355 0.853877 0.014660 0.016782
0 0.823399 0.861690 0.010995 0.008681
0 0.920718 0.769531 0.011960 0.015336
0 0.974055 0.829427 0.009452 0.014178
0 0.979456 0.749855 0.010224 0.012442
0 0.986593 0.750868 0.006366 0.017361
0 0.842303 0.719907 0.011381 0.015046
0 0.874711 0.692130 0.012539 0.012153
0 0.894869 0.658131 0.011188 0.011863
0 0.702932 0.596499 0.010031 0.014757