0 0.019290 0.456742 0.009645 0.011285
0 0.082176 0.340856 0.009645 0.015046
0 0.207465 0.360388 0.008295 0.012442
0 0.263021 0.351562 0.008681 0.015046
0 0.232446 0.289352 0.008102 0.013889
0 0.256173 0.254196 0.009259 0.017650
0 0.318094 0.191117 0.008873 0.013600
0 0.204282 0.202402 0.009645 0.010706
0 0.163966 0.206887 0.010417 0.015046
0 0.171007 0.184751 0.008295 0.011863
0 0.039738 0.168547 0.008102 0.008970
0 0.351659 0.256655 0.010802 0.011574
0 0.353202 0.229601 0.009645 0.015336
0 0.381269 0.218027 0.007909 0.009549
0 0.364873 0.193432 0.010610 0.010706
0 0.405285 0.193142 0.008488 0.008970
0 0.406443 0.425492 0.009645 0.010706
0 0.423804 0.405816 0.007716 0.012442
0 0.458333 0.237992 0.009645 0.010706
0 0.464506 0.193576 0.006559 0.014468
0 0.480999 0.170718 0.011381 0.013310
0 0.492188 0.229311 0.007523 0.014178
0 0.504630 0.263600 0.009259 0.012731
0 0.509549 0.318866 0.005594 0.016204
0 0.527296 0.314236 0.010610 0.018519
0 0.547261 0.283565 0.008102 0.014468
0 0.578607 0.202546 0.007523 0.012731
0 0.593075 0.168547 0.006366 0.010127
0 0.541281 0.167969 0.006944 0.008970
0 0.517265 0.189381 0.006752 0.011285
0 0.631944 0.203848 0.008873 0.011285
0 0.608507 0.290365 0.007909 0.009549
0 0.663194 0.291088 0.007330 0.009838
0 0.570505 0.283131 0.007523 0.011285
0 0.543113 0.367188 0.009452 0.013310
0 0.619309 0.381366 0.007523 0.015046
0 0.597415 0.433738 0.008488 0.019676
0 0.620274 0.492332 0.009838 0.010706
0 0.507909 0.479601 0.008873 0.013021
0 0.556038 0.507668 0.006366 0.010127
0 0.665027 0.222078 0.003665 0.010127
0 0.393422 0.183449 0.008295 0.010995
0 0.704958 0.471209 0.007523 0.011285
0 0.729456 0.441696 0.008681 0.011285
0 0.798129 0.422743 0.007523 0.010995
0 0.736593 0.397859 0.009838 0.013310
0 0.756944 0.317998 0.010802 0.013310
0 0.774884 0.276186 0.010031 0.015336
0 0.767361 0.251736 0.008488 0.013889
0 0.750868 0.234375 0.008681 0.013310
0 0.748553 0.208478 0.009066 0.011863
0 0.753569 0.182436 0.009066 0.010127
0 0.894483 0.183883 0.008488 0.013021
0 0.856385 0.217159 0.007523 0.011285
0 0.869117 0.273438 0.007137 0.013310
0 0.821277 0.299045 0.008681 0.011863
0 0.902681 0.315104 0.007909 0.013889
0 0.911844 0.356337 0.006173 0.015914
0 0.942033 0.295284 0.006366 0.011863
0 0.931617 0.313223 0.007137 0.008970
0 0.994213 0.441551 0.009259 0.012731
0 0.053241 0.724971 0.008873 0.012442
0 0.120274 0.527344 0.008295 0.011285
0 0.187789 0.825810 0.010610 0.015046
0 0.222126 0.751591 0.006752 0.011863
0 0.248553 0.682436 0.009066 0.009549
0 0.304688 0.803385 0.010610 0.012442
0 0.274595 0.803385 0.009838 0.013021
0 0.390432 0.566985 0.008102 0.010127
0 0.390914 0.532118 0.008681 0.012153
0 0.419560 0.582321 0.009259 0.010706
0 0.367477 0.728154 0.008102 0.014178
0 0.344907 0.699942 0.008488 0.013310
0 0.334394 0.748119 0.007909 0.012442
0 0.361111 0.813657 0.010417 0.013889
0 0.406539 0.798756 0.007523 0.011863
0 0.430941 0.757523 0.008488 0.013889
0 0.458816 0.710503 0.007909 0.010127
0 0.444155 0.780527 0.007909 0.010706
0 0.487172 0.788484 0.007523 0.013889
0 0.542921 0.783275 0.007523 0.013889
0 0.534336 0.706742 0.004630 0.010127
0 0.615162 0.544850 0.008873 0.015046
0 0.548708 0.519531 0.007523 0.006655
0 0.623843 0.634259 0.005015 0.011574
0 0.630305 0.753762 0.006366 0.013889
0 0.592400 0.803964 0.008488 0.011285
0 0.571470 0.843750 0.008295 0.013889
0 0.594329 0.860098 0.010417 0.011285
0 0.715760 0.566985 0.007523 0.012442
0 0.748457 0.609664 0.010031 0.012731
0 0.771605 0.556279 0.009259 0.013600
0 0.712867 0.615307 0.005980 0.010127
0 0.670525 0.680411 0.006559 0.011863
0 0.793981 0.619502 0.010417 0.014468
0 0.793692 0.698640 0.006366 0.010706
0 0.788870 0.724248 0.006752 0.013889
0 0.797840 0.730758 0.006944 0.010706
0 0.800540 0.754485 0.005787 0.011285
0 0.789255 0.783275 0.008295 0.012731
0 0.733025 0.770110 0.007716 0.013600
0 0.755594 0.786603 0.005015 0.011285
0 0.748360 0.809751 0.007137 0.013600
0 0.674286 0.832755 0.007523 0.012153
0 0.697434 0.847946 0.006752 0.011863
0 0.724055 0.861256 0.008681 0.010127
0 0.816069 0.813513 0.006752 0.013600
0 0.839603 0.855469 0.007523 0.011863
0 0.867380 0.793403 0.007137 0.011574
0 0.918306 0.775752 0.007523 0.015046
0 0.907504 0.847512 0.007523 0.009838
0 0.921007 0.836227 0.007137 0.015046
0 0.984182 0.815828 0.005015 0.011863
0 0.958623 0.777054 0.006752 0.012442
0 0.973669 0.747975 0.006752 0.014468
0 0.982928 0.841146 0.007523 0.013889
0 0.945988 0.708623 0.010031 0.013889
0 0.930170 0.695891 0.008488 0.012731
0 0.842014 0.753762 0.010031 0.012731
0 0.992573 0.629485 0.005980 0.013021
0 0.959973 0.598090 0.007523 0.010417
0 0.980613 0.589988 0.008681 0.015625
0 0.893036 0.614728 0.006366 0.015336
0 0.135417 0.868634 0.008873 0.004630
0 0.281057 0.164786 0.009259 0.005498