0 0.045042 0.326389 0.012153 0.016782
0 0.143711 0.268808 0.011574 0.012731
0 0.210166 0.217737 0.010610 0.017650
0 0.171586 0.321759 0.011381 0.013889
0 0.109568 0.418113 0.011188 0.015625
0 0.258488 0.425203 0.010417 0.017072
0 0.311921 0.395255 0.010031 0.015046
0 0.310860 0.248843 0.012924 0.014468
0 0.359664 0.450231 0.008295 0.015625
0 0.437886 0.380208 0.009645 0.016204
0 0.470775 0.310185 0.010224 0.013889
0 0.551312 0.319010 0.008102 0.017650
0 0.589217 0.449653 0.007909 0.014468
0 0.620756 0.369213 0.009645 0.013310
0 0.633488 0.217593 0.010031 0.020833
0 0.621528 0.163484 0.008873 0.012153
0 0.109375 0.712240 0.010802 0.018229
0 0.182870 0.799045 0.010417 0.017072
0 0.298032 0.790075 0.007716 0.017072
0 0.320409 0.640046 0.008873 0.012731
0 0.340664 0.585648 0.009645 0.016782
0 0.400752 0.581887 0.010224 0.015625
0 0.527296 0.673466 0.009452 0.011863
0 0.568191 0.592593 0.007137 0.010417
0 0.617477 0.686487 0.010031 0.018229
0 0.641204 0.853009 0.010417 0.012153
0 0.576485 0.847656 0.008295 0.011285
0 0.418499 0.835503 0.012153 0.017072
0 0.796393 0.571181 0.011767 0.015625
0 0.704861 0.739294 0.010031 0.015625
0 0.693383 0.761574 0.005594 0.007523
0 0.682967 0.760272 0.007137 0.008970
0 0.671489 0.678241 0.007716 0.009838
0 0.842882 0.746094 0.005980 0.010706
0 0.840181 0.839265 0.007137 0.011863
0 0.897087 0.854745 0.007523 0.009259
0 0.932195 0.781105 0.009066 0.011285
0 0.942323 0.823785 0.005787 0.009838
0 0.951100 0.837240 0.006752 0.010706
0 0.987365 0.807436 0.004823 0.015336
0 0.988522 0.712529 0.007137 0.017650
0 0.954282 0.713397 0.006173 0.014178
0 0.939622 0.611400 0.008102 0.012731
0 0.920525 0.598380 0.011188 0.013310
0 0.899884 0.609809 0.006559 0.013600
0 0.931809 0.540799 0.005980 0.013889
0 0.876736 0.487413 0.007716 0.011285
0 0.885706 0.504774 0.009838 0.014178
0 0.927373 0.474248 0.011767 0.010995
0 0.966725 0.465856 0.008681 0.013889