0 0.024788 0.178819 0.010995 0.015046
0 0.043210 0.225116 0.009259 0.010995
0 0.141590 0.279803 0.010417 0.016204
0 0.054398 0.363860 0.010417 0.013021
0 0.167052 0.356626 0.010417 0.014178
0 0.157022 0.413484 0.009645 0.012153
0 0.221065 0.260706 0.008873 0.013310
0 0.303916 0.171007 0.010224 0.012153
0 0.327739 0.329861 0.011574 0.016782
0 0.066262 0.425058 0.009066 0.013889
0 0.376640 0.262876 0.009066 0.012442
0 0.347415 0.379051 0.010417 0.010417
0 0.377411 0.443866 0.009066 0.012731
0 0.381076 0.469473 0.007909 0.013021
0 0.469136 0.438657 0.008102 0.012153
0 0.584780 0.169850 0.006752 0.012731
0 0.600309 0.147425 0.013503 0.017072
0 0.539834 0.145399 0.007137 0.014178
0 0.624904 0.284578 0.008681 0.014178
0 0.578993 0.339120 0.008295 0.013310
0 0.581501 0.392216 0.010610 0.010127
0 0.521123 0.432436 0.009452 0.011863
0 0.640046 0.364728 0.010031 0.012442
0 0.664931 0.181568 0.010031 0.015336
0 0.677758 0.191551 0.009066 0.015625
0 0.694637 0.234230 0.008488 0.015336
0 0.725984 0.360098 0.009452 0.013600
0 0.833912 0.282118 0.011188 0.012731
0 0.871528 0.315828 0.011960 0.018229
0 0.939140 0.285301 0.007523 0.012731
0 0.951196 0.295573 0.010802 0.014757
0 0.899595 0.349248 0.012924 0.013310
0 0.956694 0.384838 0.011767 0.016204
0 0.688272 0.463397 0.010417 0.014178
0 0.061053 0.488860 0.009066 0.015336
0 0.024306 0.597078 0.010031 0.012442
0 0.093846 0.573061 0.008295 0.014757
0 0.070120 0.715712 0.010224 0.012442
0 0.255883 0.585938 0.011381 0.011574
0 0.317998 0.559317 0.010610 0.013310
0 0.257427 0.673466 0.010224 0.014757
0 0.290702 0.680556 0.009259 0.014468
0 0.289641 0.815683 0.017940 0.024306
0 0.042921 0.591725 0.010224 0.017361
0 0.456019 0.581887 0.009645 0.015625
0 0.488137 0.602141 0.010224 0.010995
0 0.526042 0.585793 0.010031 0.010706
0 0.437596 0.721933 0.011767 0.009838
0 0.495949 0.669994 0.009645 0.013600
0 0.627508 0.740885 0.009645 0.016493
0 0.627701 0.783275 0.008488 0.016782
0 0.711998 0.608073 0.009645 0.010127
0 0.720293 0.667969 0.009645 0.014178
0 0.671489 0.789641 0.007716 0.010417
0 0.742863 0.805990 0.008488 0.013021
0 0.881655 0.684896 0.013310 0.018519
0 0.885899 0.699508 0.013310 0.014757
0 0.860532 0.505353 0.013503 0.015336
0 0.969425 0.585069 0.016011 0.020255
0 0.985918 0.549479 0.012731 0.015625
0 0.875193 0.824074 0.011574 0.017361
0 0.975791 0.815249 0.012924 0.020544
0 0.170910 0.688947 0.008488 0.012153