0 0.137442 0.594473 0.010610 0.009549
0 0.108893 0.635127 0.009838 0.013310
0 0.027488 0.656395 0.009452 0.011863
0 0.090181 0.735388 0.010610 0.014178
0 0.089506 0.781105 0.008102 0.012442
0 0.178627 0.751302 0.009645 0.013600
0 0.144579 0.667101 0.010995 0.016493
0 0.192805 0.686053 0.010224 0.013310
0 0.189236 0.553241 0.008873 0.011574
0 0.226370 0.552951 0.010995 0.014468
0 0.237172 0.746383 0.008295 0.011285
0 0.206501 0.816406 0.009452 0.011863
0 0.246238 0.494068 0.007137 0.007812
0 0.215760 0.787905 0.009452 0.013310
0 0.072820 0.511429 0.010224 0.010706
0 0.030382 0.485966 0.010610 0.013021
0 0.218364 0.482639 0.008488 0.012731
0 0.206308 0.455584 0.006752 0.010127
0 0.271123 0.437355 0.010995 0.012442
0 0.346644 0.611111 0.006944 0.010417
0 0.363040 0.572193 0.007716 0.011863
0 0.350887 0.426215 0.009645 0.013889
0 0.288002 0.387587 0.005787 0.008391
0 0.301408 0.343316 0.007909 0.008391
0 0.342014 0.329427 0.008102 0.011863
0 0.420621 0.333044 0.007909 0.008681
0 0.416860 0.343027 0.005401 0.009549
0 0.319637 0.181279 0.003858 0.010706
0 0.322917 0.182002 0.005401 0.012731
0 0.350309 0.212963 0.006173 0.009838
0 0.362269 0.203848 0.006559 0.009549
0 0.360918 0.251302 0.007716 0.010706
0 0.462674 0.209057 0.005980 0.009549
0 0.345968 0.142940 0.006752 0.012153
0 0.013310 0.180122 0.008488 0.009549
0 0.066744 0.147859 0.008488 0.008681
0 0.080247 0.179253 0.007330 0.007812
0 0.041667 0.245660 0.008102 0.011574
0 0.088252 0.224537 0.008681 0.008681
0 0.001929 0.323206 0.003472 0.008681
0 0.038580 0.313513 0.008488 0.010127
0 0.072145 0.312500 0.008873 0.013889
0 0.081308 0.302517 0.007909 0.008970
0 0.115162 0.297888 0.007330 0.008391
0 0.099730 0.328414 0.008488 0.009838
0 0.136285 0.267940 0.006752 0.009838
0 0.151138 0.304832 0.006752 0.011863
0 0.149691 0.150463 0.008488 0.012153
0 0.171007 0.184172 0.007909 0.012442
0 0.202064 0.190538 0.010995 0.011285
0 0.207562 0.261429 0.009259 0.012442
0 0.478106 0.221354 0.007909 0.011574
0 0.491319 0.247975 0.009259 0.012153
0 0.258584 0.221209 0.006366 0.011863
0 0.240741 0.414062 0.011188 0.013889
0 0.252411 0.422454 0.010224 0.010417
0 0.049286 0.400318 0.007909 0.007812
0 0.051601 0.429688 0.007137 0.008102
0 0.069155 0.425203 0.008295 0.009549
0 0.086420 0.387008 0.008102 0.011285
0 0.125675 0.360822 0.011381 0.009838
0 0.336034 0.778356 0.004630 0.012153
0 0.193191 0.627170 0.013696 0.015336
0 0.609568 0.166377 0.006559 0.014468
0 0.609954 0.227575 0.005787 0.011285
0 0.940683 0.191840 0.006366 0.016204
0 0.932774 0.212963 0.006366 0.011574
0 0.901331 0.230324 0.010995 0.010417
0 0.849923 0.280816 0.007330 0.012442
0 0.980710 0.250000 0.008488 0.009838
0 0.884934 0.363137 0.007137 0.015625
0 0.923418 0.352865 0.008873 0.017072
0 0.968171 0.331163 0.011188 0.011863
0 0.982542 0.325955 0.010995 0.014178
0 0.970486 0.366175 0.008102 0.009549
0 0.913580 0.410012 0.007716 0.008681
0 0.932677 0.408565 0.005787 0.009838
0 0.917631 0.432002 0.007716 0.013310
0 0.913580 0.447483 0.006559 0.012442
0 0.949460 0.519676 0.007330 0.010417
0 0.998650 0.591869 0.002701 0.014757
0 0.823688 0.221209 0.008488 0.010127
0 0.656154 0.175637 0.006366 0.010417
0 0.459008 0.421296 0.007909 0.009259
0 0.457562 0.481771 0.006173 0.012153
0 0.001929 0.619936 0.003472 0.012442