0 0.082562 0.282552 0.008488 0.013021
0 0.041377 0.298177 0.008681 0.014757
0 0.087288 0.399740 0.009838 0.014178
0 0.100598 0.348958 0.011381 0.013889
0 0.041184 0.494358 0.012539 0.013021
0 0.235436 0.274595 0.010610 0.013889
0 0.259742 0.181568 0.008295 0.010706
0 0.279225 0.212529 0.009838 0.010706
0 0.277103 0.231337 0.010224 0.010127
0 0.283758 0.362558 0.010417 0.011574
0 0.020737 0.170284 0.010995 0.021123
0 0.514853 0.379630 0.010417 0.012731
0 0.585359 0.236545 0.013310 0.014757
0 0.777392 0.214699 0.018904 0.020255
0 0.721354 0.368200 0.010995 0.013021
0 0.876157 0.253038 0.013117 0.022280
0 0.986208 0.240885 0.012539 0.020544
0 0.921393 0.363426 0.014082 0.019676
0 0.250579 0.557292 0.010031 0.014468
0 0.322145 0.691985 0.008873 0.019965
0 0.279032 0.786603 0.010224 0.015336
0 0.149402 0.813802 0.010224 0.013600
0 0.245660 0.532986 0.007909 0.012731
0 0.368924 0.640046 0.010224 0.013310
0 0.429205 0.728588 0.008873 0.013310
0 0.501157 0.763744 0.009259 0.014757
0 0.535108 0.538194 0.008873 0.013889
0 0.533468 0.622830 0.010610 0.014757
0 0.595004 0.618345 0.011767 0.014468
0 0.709684 0.735388 0.011574 0.018808
0 0.684221 0.812934 0.008102 0.011863
0 0.686825 0.527633 0.012153 0.019387
0 0.946952 0.559751 0.013117 0.020544
0 0.884452 0.681279 0.013503 0.017650
0 0.808063 0.730758 0.015432 0.018808
0 0.776813 0.788194 0.013117 0.016782
0 0.865162 0.814959 0.013117 0.024016
0 0.964217 0.673322 0.017168 0.019097
0 0.253954 0.524740 0.007523 0.007234